<?xml version="1.0" encoding="utf-8"?>
<COLLADA xmlns="http://www.collada.org/2005/11/COLLADASchema" version="1.4.1">
  <asset>
    <contributor>
      <author>Mixamo</author>
      <authoring_tool>COLLADA Mixamo exporter</authoring_tool>
      <comments/>
    </contributor>
    <created>2025-11-27T07:46:59Z</created>
    <modified>2025-11-27T07:46:59Z</modified>
    <revision/>
    <title/>
    <unit meter="0.010000"/>
    <up_axis>Y_UP</up_axis>
  </asset>
  <library_animations>
    <animation id="mixamorig_Hips-anim" name="mixamorig_Hips">
      <source id="mixamorig_Hips-Matrix-animation-input">
        <float_array id="mixamorig_Hips-Matrix-animation-input-array" count="51">

0.000000 0.033333 0.066667 0.100000 0.133333 0.166667 0.200000 0.233333 0.266667 0.300000 0.333333 0.366667 0.400000 0.433333 0.466667 0.500000
0.533333 0.566667 0.600000 0.633333 0.666667 0.700000 0.733333 0.766667 0.800000 0.833333 0.866667 0.900000 0.933333 0.966667 1.000000 1.033333
1.066667 1.100000 1.133333 1.166667 1.200000 1.233333 1.266667 1.300000 1.333333 1.366667 1.400000 1.433333 1.466667 1.500000 1.533333 1.566667
1.600000 1.633333 1.666667</float_array>
        <technique_common>
          <accessor source="#mixamorig_Hips-Matrix-animation-input-array" count="51">
            <param name="TIME" type="float"/>
          </accessor>
        </technique_common>
      </source>
      <source id="mixamorig_Hips-Matrix-animation-output-transform">
        <float_array id="mixamorig_Hips-Matrix-animation-output-transform-array" count="816">

0.649951 0.070108 -0.756736 -2.614641 -0.106413 0.994322 0.000722 104.248268 0.752489 0.080058 0.653721 2.723931 0.000000 0.000000 0.000000 1.000000
0.648933 0.071246 -0.757502 -2.646309 -0.107095 0.994247 0.001767 104.189316 0.753270 0.079978 0.652830 2.680596 0.000000 0.000000 0.000000 1.000000
0.647830 0.072302 -0.758346 -2.692029 -0.107896 0.994159 0.002612 104.136780 0.754105 0.080130 0.651847 2.632638 0.000000 0.000000 0.000000 1.000000
0.646887 0.072911 -0.759093 -2.754926 -0.108911 0.994048 0.002666 104.094543 0.754769 0.080949 0.650977 2.588073 0.000000 0.000000 0.000000 1.000000
0.646312 0.072935 -0.759579 -2.833377 -0.110029 0.993927 0.001816 104.070518 0.755099 0.082402 0.650412 2.550278 0.000000 0.000000 0.000000 1.000000
0.646186 0.072527 -0.759726 -2.921699 -0.110950 0.993826 0.000506 104.076965 0.755072 0.083965 0.650244 2.516463 0.000000 0.000000 0.000000 1.000000
0.646253 0.071980 -0.759721 -3.007956 -0.111372 0.993779 -0.000583 104.131813 0.754952 0.084989 0.650249 2.487292 0.000000 0.000000 0.000000 1.000000
0.646273 0.071098 -0.759787 -3.094032 -0.111621 0.993749 -0.001953 104.229706 0.754899 0.086071 0.650169 2.470711 0.000000 0.000000 0.000000 1.000000
0.646167 0.069966 -0.759982 -3.179456 -0.111802 0.993724 -0.003574 104.364700 0.754962 0.087277 0.649934 2.468874 0.000000 0.000000 0.000000 1.000000
0.645820 0.068724 -0.760390 -3.260078 -0.111891 0.993707 -0.005222 104.533646 0.755246 0.088454 0.649445 2.483266 0.000000 0.000000 0.000000 1.000000
0.645143 0.067558 -0.761069 -3.327085 -0.111783 0.993711 -0.006548 104.735794 0.755840 0.089299 0.648638 2.515258 0.000000 0.000000 0.000000 1.000000
0.644081 0.066756 -0.762039 -3.373631 -0.111414 0.993749 -0.007114 104.968048 0.756800 0.089484 0.647492 2.560878 0.000000 0.000000 0.000000 1.000000
0.642685 0.066370 -0.763251 -3.397766 -0.110834 0.993815 -0.006908 105.223869 0.758071 0.089033 0.646066 2.615460 0.000000 0.000000 0.000000 1.000000
0.641046 0.066309 -0.764632 -3.401716 -0.110166 0.993894 -0.006169 105.495544 0.759555 0.088191 0.644437 2.674562 0.000000 0.000000 0.000000 1.000000
0.639273 0.066460 -0.766102 -3.388922 -0.109533 0.993970 -0.005172 105.776711 0.761139 0.087220 0.642698 2.734587 0.000000 0.000000 0.000000 1.000000
0.637476 0.066713 -0.767577 -3.363522 -0.109026 0.994030 -0.004152 106.062584 0.762717 0.086333 0.640944 2.792100 0.000000 0.000000 0.000000 1.000000
0.635787 0.067011 -0.768951 -3.330327 -0.108606 0.994080 -0.003168 106.347504 0.764186 0.085527 0.639300 2.838782 0.000000 0.000000 0.000000 1.000000
0.634335 0.067343 -0.770119 -3.293435 -0.108324 0.994113 -0.002295 106.622620 0.765431 0.084878 0.637896 2.866665 0.000000 0.000000 0.000000 1.000000
0.633185 0.067605 -0.771042 -3.257436 -0.108298 0.994117 -0.001770 106.881966 0.766386 0.084623 0.636782 2.875073 0.000000 0.000000 0.000000 1.000000
0.632360 0.067685 -0.771712 -3.226654 -0.108644 0.994079 -0.001837 107.120087 0.767019 0.085004 0.635969 2.870841 0.000000 0.000000 0.000000 1.000000
0.631852 0.067499 -0.772144 -3.205342 -0.109429 0.993991 -0.002654 107.331802 0.767326 0.086172 0.635441 2.866680 0.000000 0.000000 0.000000 1.000000
0.631668 0.067121 -0.772328 -3.198759 -0.110509 0.993867 -0.004008 107.509155 0.767322 0.087881 0.635212 2.876391 0.000000 0.000000 0.000000 1.000000
0.631830 0.066795 -0.772224 -3.208657 -0.111677 0.993730 -0.005420 107.650345 0.767020 0.089664 0.635327 2.903080 0.000000 0.000000 0.000000 1.000000
0.632327 0.066671 -0.771828 -3.235201 -0.112728 0.993604 -0.006526 107.749260 0.766456 0.091133 0.635798 2.938499 0.000000 0.000000 0.000000 1.000000
0.633116 0.066908 -0.771159 -3.274325 -0.113471 0.993517 -0.006958 107.797379 0.765694 0.091910 0.636604 2.971748 0.000000 0.000000 0.000000 1.000000
0.634117 0.067663 -0.770271 -3.317643 -0.113736 0.993491 -0.006360 107.784897 0.764826 0.091641 0.637685 2.991487 0.000000 0.000000 0.000000 1.000000
0.635169 0.069010 -0.769284 -3.351821 -0.113368 0.993543 -0.004476 107.705200 0.764008 0.090055 0.638891 2.986237 0.000000 0.000000 0.000000 1.000000
0.636107 0.070644 -0.768360 -3.369621 -0.112386 0.993663 -0.001683 107.554642 0.763372 0.087423 0.640016 2.949268 0.000000 0.000000 0.000000 1.000000
0.636919 0.072092 -0.767553 -3.370054 -0.111090 0.993810 0.001160 107.341675 0.762885 0.084528 0.640985 2.885585 0.000000 0.000000 0.000000 1.000000
0.637689 0.072989 -0.766828 -3.354170 -0.109764 0.993952 0.003328 107.079079 0.762433 0.082048 0.641844 2.804203 0.000000 0.000000 0.000000 1.000000
0.638581 0.073166 -0.766068 -3.323968 -0.108574 0.994078 0.004437 106.783188 0.761856 0.080342 0.642744 2.715277 0.000000 0.000000 0.000000 1.000000
0.639784 0.072838 -0.765095 -3.280205 -0.107374 0.994207 0.004862 106.472878 0.761017 0.079041 0.643899 2.624870 0.000000 0.000000 0.000000 1.000000
0.641340 0.072425 -0.763831 -3.222304 -0.106038 0.994348 0.005249 106.171814 0.759894 0.077629 0.645395 2.539195 0.000000 0.000000 0.000000 1.000000
0.643242 0.072144 -0.762256 -3.148916 -0.104568 0.994500 0.005883 105.888588 0.758489 0.075923 0.647248 2.463571 0.000000 0.000000 0.000000 1.000000
0.645377 0.072067 -0.760457 -3.061605 -0.103075 0.994650 0.006785 105.633270 0.756878 0.074006 0.649353 2.405365 0.000000 0.000000 0.000000 1.000000
0.647523 0.072146 -0.758623 -2.965566 -0.101790 0.994776 0.007722 105.420151 0.755217 0.072220 0.651484 2.374970 0.000000 0.000000 0.000000 1.000000
0.649272 0.072287 -0.757114 -2.870533 -0.101215 0.994831 0.008185 105.278976 0.753792 0.071317 0.653232 2.394497 0.000000 0.000000 0.000000 1.000000
0.650579 0.072698 -0.755951 -2.775185 -0.101115 0.994837 0.008651 105.158836 0.752677 0.070810 0.654571 2.436543 0.000000 0.000000 0.000000 1.000000
0.651365 0.073386 -0.755208 -2.682645 -0.101418 0.994801 0.009195 105.050804 0.751956 0.070602 0.655421 2.492211 0.000000 0.000000 0.000000 1.000000
0.651651 0.074129 -0.754888 -2.598423 -0.101997 0.994738 0.009634 104.952812 0.751630 0.070719 0.655783 2.555504 0.000000 0.000000 0.000000 1.000000
0.651583 0.074553 -0.754905 -2.529542 -0.102666 0.994669 0.009617 104.864418 0.751597 0.071237 0.655764 2.621138 0.000000 0.000000 0.000000 1.000000
0.651428 0.074514 -0.755043 -2.480981 -0.103232 0.994616 0.009091 104.783356 0.751655 0.072022 0.655613 2.680882 0.000000 0.000000 0.000000 1.000000
0.651311 0.074196 -0.755174 -2.454096 -0.103756 0.994569 0.008231 104.708702 0.751683 0.072993 0.655472 2.726188 0.000000 0.000000 0.000000 1.000000
0.651382 0.073704 -0.755162 -2.446435 -0.104266 0.994524 0.007128 104.640228 0.751552 0.074095 0.655500 2.756113 0.000000 0.000000 0.000000 1.000000
0.651624 0.073106 -0.755011 -2.453728 -0.104761 0.994480 0.005877 104.576988 0.751273 0.075266 0.655686 2.772847 0.000000 0.000000 0.000000 1.000000
0.651905 0.072450 -0.754831 -2.470749 -0.105220 0.994438 0.004575 104.517082 0.750965 0.076441 0.655903 2.780618 0.000000 0.000000 0.000000 1.000000
0.652063 0.071779 -0.754759 -2.493855 -0.105608 0.994402 0.003331 104.460739 0.750773 0.077536 0.655994 2.782607 0.000000 0.000000 0.000000 1.000000
0.651964 0.071175 -0.754902 -2.520802 -0.105946 0.994369 0.002254 104.406769 0.750812 0.078509 0.655834 2.778524 0.000000 0.000000 0.000000 1.000000
0.651545 0.070666 -0.755312 -2.551045 -0.106193 0.994344 0.001426 104.353470 0.751141 0.079280 0.655364 2.767150 0.000000 0.000000 0.000000 1.000000
0.650834 0.070300 -0.755958 -2.582964 -0.106341 0.994329 0.000914 104.300354 0.751736 0.079795 0.654619 2.748381 0.000000 0.000000 0.000000 1.000000
0.649951 0.070108 -0.756736 -2.614639 -0.106413 0.994322 0.000722 104.248245 0.752489 0.080058 0.653721 2.723936 0.000000 0.000000 0.000000 1.000000</float_array>
        <technique_common>
          <accessor source="#mixamorig_Hips-Matrix-animation-output-transform-array" count="51" stride="16">
            <param type="float4x4"/>
          </accessor>
        </technique_common>
      </source>
      <source id="mixamorig_Hips-Interpolations">
        <Name_array id="mixamorig_Hips-Interpolations-array" count="51">
 LINEAR LINEAR LINEAR LINEAR LINEAR LINEAR LINEAR LINEAR LINEAR LINEAR LINEAR
LINEAR LINEAR LINEAR LINEAR LINEAR LINEAR LINEAR LINEAR LINEAR LINEAR LINEAR LINEAR
LINEAR LINEAR LINEAR LINEAR LINEAR LINEAR LINEAR LINEAR LINEAR LINEAR LINEAR LINEAR
LINEAR LINEAR LINEAR LINEAR LINEAR LINEAR LINEAR LINEAR LINEAR LINEAR LINEAR LINEAR
LINEAR LINEAR LINEAR LINEAR</Name_array>
        <technique_common>
          <accessor source="#mixamorig_Hips-Interpolations-array" count="51">
            <param type="name"/>
          </accessor>
        </technique_common>
      </source>
      <sampler id="mixamorig_Hips-Matrix-animation-transform">
        <input semantic="INPUT" source="#mixamorig_Hips-Matrix-animation-input"/>
        <input semantic="OUTPUT" source="#mixamorig_Hips-Matrix-animation-output-transform"/>
        <input semantic="INTERPOLATION" source="#mixamorig_Hips-Interpolations"/>
      </sampler>
      <channel source="#mixamorig_Hips-Matrix-animation-transform" target="mixamorig_Hips/matrix"/>
    </animation>
    <animation id="mixamorig_Spine-anim" name="mixamorig_Spine">
      <source id="mixamorig_Spine-Matrix-animation-input">
        <float_array id="mixamorig_Spine-Matrix-animation-input-array" count="51">

0.000000 0.033333 0.066667 0.100000 0.133333 0.166667 0.200000 0.233333 0.266667 0.300000 0.333333 0.366667 0.400000 0.433333 0.466667 0.500000
0.533333 0.566667 0.600000 0.633333 0.666667 0.700000 0.733333 0.766667 0.800000 0.833333 0.866667 0.900000 0.933333 0.966667 1.000000 1.033333
1.066667 1.100000 1.133333 1.166667 1.200000 1.233333 1.266667 1.300000 1.333333 1.366667 1.400000 1.433333 1.466667 1.500000 1.533333 1.566667
1.600000 1.633333 1.666667</float_array>
        <technique_common>
          <accessor source="#mixamorig_Spine-Matrix-animation-input-array" count="51">
            <param name="TIME" type="float"/>
          </accessor>
        </technique_common>
      </source>
      <source id="mixamorig_Spine-Matrix-animation-output-transform">
        <float_array id="mixamorig_Spine-Matrix-animation-output-transform-array" count="816">

0.998421 0.037633 0.041712 0.000000 -0.024287 0.958643 -0.283575 20.947800 -0.050659 0.282114 0.958043 -0.126600 0.000000 0.000000 0.000000 1.000000
0.998402 0.037777 0.042029 0.000000 -0.024306 0.958476 -0.284136 20.947800 -0.051017 0.282661 0.957862 -0.126600 0.000000 0.000000 0.000000 1.000000
0.998392 0.037873 0.042184 0.000000 -0.024326 0.958320 -0.284659 20.947800 -0.051207 0.283175 0.957700 -0.126600 0.000000 0.000000 0.000000 1.000000
0.998390 0.037899 0.042213 0.000000 -0.024319 0.958190 -0.285099 20.947800 -0.051253 0.283613 0.957568 -0.126600 0.000000 0.000000 0.000000 1.000000
0.998389 0.037897 0.042219 0.000000 -0.024297 0.958089 -0.285438 20.947800 -0.051267 0.283953 0.957467 -0.126600 0.000000 0.000000 0.000000 1.000000
0.998391 0.037894 0.042184 0.000000 -0.024293 0.958025 -0.285654 20.947800 -0.051238 0.284170 0.957404 -0.126600 0.000000 0.000000 0.000000 1.000000
0.998397 0.037878 0.042052 -0.000000 -0.024314 0.958020 -0.285667 20.947800 -0.051107 0.284187 0.957406 -0.126600 0.000000 0.000000 0.000000 1.000000
0.998409 0.037841 0.041792 -0.000000 -0.024368 0.958107 -0.285374 20.947800 -0.050840 0.283901 0.957505 -0.126600 0.000000 0.000000 0.000000 1.000000
0.998429 0.037828 0.041346 0.000000 -0.024514 0.958282 -0.284770 20.947800 -0.050393 0.283309 0.957704 -0.126600 0.000000 0.000000 0.000000 1.000000
0.998452 0.037802 0.040795 -0.000000 -0.024690 0.958532 -0.283913 20.947800 -0.049836 0.282466 0.957982 -0.126600 0.000000 0.000000 0.000000 1.000000
0.998473 0.037795 0.040284 0.000000 -0.024880 0.958823 -0.282911 20.947800 -0.049318 0.281477 0.958300 -0.126600 0.000000 0.000000 0.000000 1.000000
0.998492 0.037782 0.039834 -0.000000 -0.025046 0.959121 -0.281887 20.947800 -0.048856 0.280464 0.958620 -0.126600 0.000000 0.000000 0.000000 1.000000
0.998504 0.037995 0.039314 0.000000 -0.025451 0.959422 -0.280825 20.947800 -0.048388 0.279404 0.958954 -0.126600 0.000000 0.000000 0.000000 1.000000
0.998512 0.038335 0.038779 0.000000 -0.025987 0.959754 -0.279637 20.947800 -0.047938 0.278213 0.959322 -0.126600 0.000000 0.000000 0.000000 1.000000
0.998513 0.038776 0.038322 0.000000 -0.026606 0.960137 -0.278261 20.947800 -0.047584 0.276828 0.959741 -0.126600 0.000000 0.000000 0.000000 1.000000
0.998504 0.039297 0.038017 0.000000 -0.027268 0.960563 -0.276720 20.947800 -0.047392 0.275270 0.960198 -0.126600 0.000000 0.000000 0.000000 1.000000
0.998489 0.039953 0.037727 -0.000000 -0.028056 0.960993 -0.275145 20.947800 -0.047248 0.273671 0.960662 -0.126600 0.000000 0.000000 0.000000 1.000000
0.998473 0.040787 0.037253 0.000000 -0.029066 0.961408 -0.273586 20.947800 -0.046974 0.272086 0.961126 -0.126600 0.000000 0.000000 0.000000 1.000000
0.998457 0.041806 0.036550 0.000000 -0.030316 0.961825 -0.271981 20.947800 -0.046525 0.270453 0.961608 -0.126600 0.000000 0.000000 0.000000 1.000000
0.998439 0.042939 0.035709 -0.000000 -0.031717 0.962259 -0.270279 20.947800 -0.045967 0.268725 0.962119 -0.126600 0.000000 0.000000 0.000000 1.000000
0.998419 0.044043 0.034916 0.000000 -0.033079 0.962719 -0.268474 20.947800 -0.045439 0.266895 0.962654 -0.126600 0.000000 0.000000 0.000000 1.000000
0.998398 0.044964 0.034352 -0.000000 -0.034200 0.963161 -0.266741 20.947800 -0.045080 0.265139 0.963156 -0.126600 0.000000 0.000000 0.000000 1.000000
0.998381 0.045605 0.033996 0.000000 -0.034983 0.963557 -0.265207 20.947800 -0.044852 0.263589 0.963592 -0.126600 0.000000 0.000000 0.000000 1.000000
0.998373 0.045967 0.033734 -0.000000 -0.035464 0.963910 -0.263856 20.947800 -0.044646 0.262230 0.963972 -0.126600 0.000000 0.000000 0.000000 1.000000
0.998379 0.046031 0.033468 0.000000 -0.035649 0.964217 -0.262706 20.947800 -0.044363 0.261087 0.964295 -0.126600 0.000000 0.000000 0.000000 1.000000
0.998395 0.045928 0.033132 0.000000 -0.035675 0.964435 -0.261903 20.947800 -0.043983 0.260301 0.964525 -0.126600 0.000000 0.000000 0.000000 1.000000
0.998411 0.045825 0.032784 0.000000 -0.035664 0.964424 -0.261942 20.947800 -0.043621 0.260357 0.964527 -0.126600 0.000000 0.000000 0.000000 1.000000
0.998419 0.045791 0.032613 0.000000 -0.035623 0.964107 -0.263112 20.947800 -0.043491 0.261535 0.964214 -0.126600 0.000000 0.000000 0.000000 1.000000
0.998421 0.045692 0.032663 0.000000 -0.035427 0.963583 -0.265052 20.947800 -0.043585 0.263477 0.963681 -0.126600 0.000000 0.000000 0.000000 1.000000
0.998427 0.045416 0.032885 0.000000 -0.035003 0.962999 -0.267223 20.947800 -0.043805 0.265651 0.963073 -0.126600 0.000000 0.000000 0.000000 1.000000
0.998441 0.044914 0.033146 0.000000 -0.034365 0.962506 -0.269075 20.947800 -0.043988 0.267516 0.962549 -0.126600 0.000000 0.000000 0.000000 1.000000
0.998460 0.044335 0.033361 0.000000 -0.033685 0.962136 -0.270479 20.947800 -0.044089 0.268938 0.962148 -0.126600 0.000000 0.000000 0.000000 1.000000
0.998480 0.043755 0.033526 -0.000000 -0.033027 0.961820 -0.271683 20.947800 -0.044133 0.270163 0.961803 -0.126600 0.000000 0.000000 0.000000 1.000000
0.998502 0.043149 0.033651 0.000000 -0.032357 0.961526 -0.272803 20.947800 -0.044127 0.271306 0.961481 -0.126600 0.000000 0.000000 0.000000 1.000000
0.998526 0.042499 0.033764 0.000000 -0.031653 0.961251 -0.273851 20.947800 -0.044094 0.272378 0.961179 -0.126600 0.000000 0.000000 0.000000 1.000000
0.998547 0.041832 0.033957 0.000000 -0.030915 0.961010 -0.274780 20.947800 -0.044128 0.273331 0.960907 -0.126600 0.000000 0.000000 0.000000 1.000000
0.998561 0.041170 0.034355 -0.000000 -0.030134 0.960813 -0.275556 20.947800 -0.044353 0.274124 0.960671 -0.126600 0.000000 0.000000 0.000000 1.000000
0.998563 0.040611 0.034960 0.000000 -0.029399 0.960648 -0.276210 20.947800 -0.044802 0.274785 0.960461 -0.126600 0.000000 0.000000 0.000000 1.000000
0.998557 0.040160 0.035646 0.000000 -0.028750 0.960508 -0.276762 20.947800 -0.045354 0.275338 0.960277 -0.126600 0.000000 0.000000 0.000000 1.000000
0.998549 0.039798 0.036288 -0.000000 -0.028201 0.960382 -0.277257 20.947800 -0.045884 0.275832 0.960110 -0.126600 0.000000 0.000000 0.000000 1.000000
0.998543 0.039492 0.036777 0.000000 -0.027748 0.960248 -0.277766 20.947800 -0.046284 0.276341 0.959945 -0.126600 0.000000 0.000000 0.000000 1.000000
0.998538 0.039248 0.037170 0.000000 -0.027377 0.960096 -0.278326 20.947800 -0.046610 0.276901 0.959767 -0.126600 0.000000 0.000000 0.000000 1.000000
0.998532 0.039034 0.037554 0.000000 -0.027036 0.959936 -0.278913 20.947800 -0.046937 0.277488 0.959582 -0.126600 0.000000 0.000000 0.000000 1.000000
0.998524 0.038832 0.037977 0.000000 -0.026694 0.959770 -0.279514 20.947800 -0.047303 0.278088 0.959390 -0.126600 0.000000 0.000000 0.000000 1.000000
0.998513 0.038635 0.038456 0.000000 -0.026341 0.959603 -0.280123 20.947800 -0.047725 0.278693 0.959194 -0.126600 0.000000 0.000000 0.000000 1.000000
0.998500 0.038444 0.038993 0.000000 -0.025976 0.959434 -0.280733 20.947800 -0.048204 0.279299 0.958993 -0.126600 0.000000 0.000000 0.000000 1.000000
0.998484 0.038281 0.039544 -0.000000 -0.025635 0.959266 -0.281339 20.947800 -0.048703 0.279899 0.958793 -0.126600 0.000000 0.000000 0.000000 1.000000
0.998469 0.038099 0.040103 0.000000 -0.025273 0.959102 -0.281931 20.947800 -0.049204 0.280486 0.958596 -0.126600 0.000000 0.000000 0.000000 1.000000
0.998448 0.038095 0.040634 -0.000000 -0.025090 0.958936 -0.282512 20.947800 -0.049728 0.281054 0.958403 -0.126600 0.000000 0.000000 0.000000 1.000000
0.998429 0.038040 0.041130 0.000000 -0.024868 0.958778 -0.283065 20.947800 -0.050202 0.281597 0.958218 -0.126600 0.000000 0.000000 0.000000 1.000000
0.998421 0.037633 0.041712 0.000000 -0.024287 0.958643 -0.283575 20.947800 -0.050658 0.282114 0.958043 -0.126600 0.000000 0.000000 0.000000 1.000000</float_array>
        <technique_common>
          <accessor source="#mixamorig_Spine-Matrix-animation-output-transform-array" count="51" stride="16">
            <param type="float4x4"/>
          </accessor>
        </technique_common>
      </source>
      <source id="mixamorig_Spine-Interpolations">
        <Name_array id="mixamorig_Spine-Interpolations-array" count="51">
 LINEAR LINEAR LINEAR LINEAR LINEAR LINEAR LINEAR LINEAR LINEAR LINEAR LINEAR
LINEAR LINEAR LINEAR LINEAR LINEAR LINEAR LINEAR LINEAR LINEAR LINEAR LINEAR LINEAR
LINEAR LINEAR LINEAR LINEAR LINEAR LINEAR LINEAR LINEAR LINEAR LINEAR LINEAR LINEAR
LINEAR LINEAR LINEAR LINEAR LINEAR LINEAR LINEAR LINEAR LINEAR LINEAR LINEAR LINEAR
LINEAR LINEAR LINEAR LINEAR</Name_array>
        <technique_common>
          <accessor source="#mixamorig_Spine-Interpolations-array" count="51">
            <param type="name"/>
          </accessor>
        </technique_common>
      </source>
      <sampler id="mixamorig_Spine-Matrix-animation-transform">
        <input semantic="INPUT" source="#mixamorig_Spine-Matrix-animation-input"/>
        <input semantic="OUTPUT" source="#mixamorig_Spine-Matrix-animation-output-transform"/>
        <input semantic="INTERPOLATION" source="#mixamorig_Spine-Interpolations"/>
      </sampler>
      <channel source="#mixamorig_Spine-Matrix-animation-transform" target="mixamorig_Spine/matrix"/>
    </animation>
    <animation id="mixamorig_Spine1-anim" name="mixamorig_Spine1">
      <source id="mixamorig_Spine1-Matrix-animation-input">
        <float_array id="mixamorig_Spine1-Matrix-animation-input-array" count="51">

0.000000 0.033333 0.066667 0.100000 0.133333 0.166667 0.200000 0.233333 0.266667 0.300000 0.333333 0.366667 0.400000 0.433333 0.466667 0.500000
0.533333 0.566667 0.600000 0.633333 0.666667 0.700000 0.733333 0.766667 0.800000 0.833333 0.866667 0.900000 0.933333 0.966667 1.000000 1.033333
1.066667 1.100000 1.133333 1.166667 1.200000 1.233333 1.266667 1.300000 1.333333 1.366667 1.400000 1.433333 1.466667 1.500000 1.533333 1.566667
1.600000 1.633333 1.666667</float_array>
        <technique_common>
          <accessor source="#mixamorig_Spine1-Matrix-animation-input-array" count="51">
            <param name="TIME" type="float"/>
          </accessor>
        </technique_common>
      </source>
      <source id="mixamorig_Spine1-Matrix-animation-output-transform">
        <float_array id="mixamorig_Spine1-Matrix-animation-output-transform-array" count="816">

0.992458 0.095492 0.076870 0.000000 -0.067735 0.949814 -0.305395 24.439501 -0.102175 0.297885 0.949118 -0.000000 0.000000 0.000000 0.000000 1.000000
0.992416 0.095286 0.077657 0.000000 -0.067194 0.949533 -0.306384 24.439501 -0.102932 0.298843 0.948735 0.000000 0.000000 0.000000 0.000000 1.000000
0.992376 0.095201 0.078270 -0.000000 -0.066822 0.949245 -0.307359 24.439501 -0.103558 0.299785 0.948369 0.000000 0.000000 0.000000 0.000000 1.000000
0.992347 0.095223 0.078614 0.000000 -0.066642 0.948971 -0.308241 24.439501 -0.103954 0.300643 0.948055 0.000000 0.000000 0.000000 0.000000 1.000000
0.992336 0.095296 0.078663 0.000000 -0.066618 0.948741 -0.308953 24.439501 -0.104073 0.301345 0.947819 -0.000000 0.000000 0.000000 0.000000 1.000000
0.992334 0.095498 0.078439 0.000000 -0.066827 0.948570 -0.309433 24.439501 -0.103955 0.301819 0.947681 -0.000000 0.000000 0.000000 0.000000 1.000000
0.992360 0.095603 0.077990 -0.000000 -0.067058 0.948535 -0.309491 24.439501 -0.103564 0.301897 0.947699 0.000000 0.000000 0.000000 0.000000 1.000000
0.992414 0.095578 0.077323 0.000000 -0.067297 0.948699 -0.308936 24.439501 -0.102883 0.301389 0.947935 0.000000 0.000000 0.000000 0.000000 1.000000
0.992492 0.095526 0.076383 -0.000000 -0.067661 0.949058 -0.307751 24.439501 -0.101890 0.300272 0.948396 0.000000 0.000000 0.000000 0.000000 1.000000
0.992574 0.095559 0.075271 -0.000000 -0.068209 0.949566 -0.306058 24.439501 -0.100721 0.298651 0.949032 -0.000000 0.000000 0.000000 0.000000 1.000000
0.992637 0.095718 0.074224 0.000000 -0.068883 0.950151 -0.304087 24.439501 -0.099631 0.296735 0.949748 0.000000 0.000000 0.000000 0.000000 1.000000
0.992681 0.095989 0.073286 0.000000 -0.069631 0.950736 -0.302080 24.439501 -0.098672 0.294766 0.950461 0.000000 0.000000 0.000000 0.000000 1.000000
0.992725 0.096342 0.072213 0.000000 -0.070503 0.951334 -0.299990 24.439501 -0.097600 0.292716 0.951205 -0.000000 0.000000 0.000000 0.000000 1.000000
0.992761 0.096796 0.071104 0.000000 -0.071504 0.951999 -0.297633 24.439501 -0.096501 0.290394 0.952029 0.000000 0.000000 0.000000 0.000000 1.000000
0.992771 0.097403 0.070137 0.000000 -0.072643 0.952759 -0.294914 24.439501 -0.095549 0.287687 0.952946 0.000000 0.000000 0.000000 0.000000 1.000000
0.992736 0.098248 0.069451 0.000000 -0.073955 0.953592 -0.291877 24.439501 -0.094904 0.284621 0.953931 -0.000000 0.000000 0.000000 0.000000 1.000000
0.992663 0.099450 0.068776 0.000000 -0.075609 0.954405 -0.288782 24.439501 -0.094359 0.281463 0.954922 -0.000000 0.000000 0.000000 0.000000 1.000000
0.992577 0.101035 0.067695 -0.000000 -0.077737 0.955150 -0.285737 24.439501 -0.093528 0.278354 0.955914 -0.000000 0.000000 0.000000 0.000000 1.000000
0.992484 0.102955 0.066144 0.000000 -0.080322 0.955867 -0.282608 24.439501 -0.092321 0.275171 0.956952 -0.000000 0.000000 0.000000 0.000000 1.000000
0.992382 0.105087 0.064303 0.000000 -0.083201 0.956598 -0.279280 24.439501 -0.090860 0.271802 0.958054 0.000000 0.000000 0.000000 0.000000 1.000000
0.992266 0.107220 0.062546 0.000000 -0.086067 0.957368 -0.275750 24.439501 -0.089446 0.268234 0.959192 -0.000000 0.000000 0.000000 0.000000 1.000000
0.992150 0.109006 0.061293 0.000000 -0.088443 0.958127 -0.272343 24.439501 -0.088414 0.264784 0.960246 0.000000 0.000000 0.000000 0.000000 1.000000
0.992057 0.110285 0.060503 0.000000 -0.090165 0.958820 -0.269323 24.439501 -0.087714 0.261728 0.961148 -0.000000 0.000000 0.000000 0.000000 1.000000
0.992005 0.111050 0.059950 0.000000 -0.091292 0.959461 -0.266647 24.439501 -0.087131 0.259042 0.961928 -0.000000 0.000000 0.000000 0.000000 1.000000
0.992005 0.111328 0.059424 0.000000 -0.091904 0.960034 -0.264364 24.439501 -0.086480 0.256789 0.962590 0.000000 0.000000 0.000000 0.000000 1.000000
0.992059 0.111179 0.058799 0.000000 -0.092064 0.960460 -0.262754 24.439501 -0.085687 0.255255 0.963069 -0.000000 0.000000 0.000000 0.000000 1.000000
0.992134 0.110822 0.058205 0.000000 -0.091866 0.960464 -0.262812 24.439501 -0.085029 0.255397 0.963090 -0.000000 0.000000 0.000000 0.000000 1.000000
0.992183 0.110514 0.057958 0.000000 -0.091427 0.959869 -0.265127 24.439501 -0.084933 0.257756 0.962470 0.000000 0.000000 0.000000 0.000000 1.000000
0.992214 0.110146 0.058137 0.000000 -0.090683 0.958866 -0.268985 24.439501 -0.085373 0.261619 0.961388 0.000000 0.000000 0.000000 0.000000 1.000000
0.992252 0.109527 0.058650 0.000000 -0.089564 0.957751 -0.273296 24.439501 -0.086105 0.265925 0.960140 0.000000 0.000000 0.000000 0.000000 1.000000
0.992330 0.108483 0.059274 0.000000 -0.088060 0.956841 -0.276949 24.439501 -0.086760 0.269605 0.959055 0.000000 0.000000 0.000000 0.000000 1.000000
0.992433 0.107247 0.059784 -0.000000 -0.086480 0.956183 -0.279706 24.439501 -0.087162 0.272420 0.958222 0.000000 0.000000 0.000000 0.000000 1.000000
0.992539 0.106016 0.060231 0.000000 -0.084956 0.955625 -0.282069 24.439501 -0.087463 0.274847 0.957502 -0.000000 0.000000 0.000000 0.000000 1.000000
0.992653 0.104742 0.060581 0.000000 -0.083434 0.955114 -0.284246 24.439501 -0.087635 0.277103 0.956836 0.000000 0.000000 0.000000 0.000000 1.000000
0.992773 0.103395 0.060919 0.000000 -0.081857 0.954643 -0.286280 24.439501 -0.087756 0.279225 0.956207 0.000000 0.000000 0.000000 0.000000 1.000000
0.992881 0.102031 0.061460 -0.000000 -0.080227 0.954239 -0.288083 24.439501 -0.088041 0.281101 0.955631 -0.000000 0.000000 0.000000 0.000000 1.000000
0.992949 0.100789 0.062397 0.000000 -0.078630 0.953917 -0.289585 24.439501 -0.088708 0.282637 0.955116 0.000000 0.000000 0.000000 0.000000 1.000000
0.992968 0.099784 0.063708 -0.000000 -0.077171 0.953649 -0.290857 24.439501 -0.089778 0.283895 0.954643 -0.000000 0.000000 0.000000 0.000000 1.000000
0.992953 0.098994 0.065149 0.000000 -0.075899 0.953423 -0.291931 24.439501 -0.091014 0.284929 0.954218 0.000000 0.000000 0.000000 0.000000 1.000000
0.992929 0.098354 0.066465 -0.000000 -0.074817 0.953222 -0.292867 24.439501 -0.092160 0.285824 0.953840 0.000000 0.000000 0.000000 0.000000 1.000000
0.992919 0.097777 0.067472 0.000000 -0.073886 0.953020 -0.293758 24.439501 -0.093025 0.286692 0.953496 0.000000 0.000000 0.000000 0.000000 1.000000
0.992918 0.097209 0.068294 -0.000000 -0.073008 0.952785 -0.294740 24.439501 -0.093720 0.287667 0.953134 -0.000000 0.000000 0.000000 0.000000 1.000000
0.992923 0.096673 0.068973 0.000000 -0.072186 0.952500 -0.295858 24.439501 -0.094298 0.288786 0.952738 0.000000 0.000000 0.000000 0.000000 1.000000
0.992929 0.096184 0.069569 0.000000 -0.071423 0.952182 -0.297067 24.439501 -0.094815 0.289998 0.952319 0.000000 0.000000 0.000000 0.000000 1.000000
0.992927 0.095761 0.070187 0.000000 -0.070712 0.951844 -0.298317 24.439501 -0.095375 0.291244 0.951883 0.000000 0.000000 0.000000 0.000000 1.000000
0.992903 0.095434 0.070968 0.000000 -0.070042 0.951497 -0.299579 24.439501 -0.096115 0.292482 0.951428 -0.000000 0.000000 0.000000 0.000000 1.000000
0.992850 0.095218 0.071991 -0.000000 -0.069406 0.951147 -0.300836 24.439501 -0.097119 0.293688 0.950955 0.000000 0.000000 0.000000 0.000000 1.000000
0.992777 0.095099 0.073141 -0.000000 -0.068824 0.950801 -0.302061 24.439501 -0.098269 0.294846 0.950478 -0.000000 0.000000 0.000000 0.000000 1.000000
0.992686 0.095089 0.074381 -0.000000 -0.068323 0.950462 -0.303240 24.439501 -0.099532 0.295940 0.950007 0.000000 0.000000 0.000000 0.000000 1.000000
0.992572 0.095294 0.075637 0.000000 -0.068025 0.950125 -0.304361 24.439501 -0.100868 0.296955 0.949549 0.000000 0.000000 0.000000 0.000000 1.000000
0.992458 0.095492 0.076870 0.000000 -0.067735 0.949813 -0.305396 24.439501 -0.102175 0.297885 0.949118 0.000000 0.000000 0.000000 0.000000 1.000000</float_array>
        <technique_common>
          <accessor source="#mixamorig_Spine1-Matrix-animation-output-transform-array" count="51" stride="16">
            <param type="float4x4"/>
          </accessor>
        </technique_common>
      </source>
      <source id="mixamorig_Spine1-Interpolations">
        <Name_array id="mixamorig_Spine1-Interpolations-array" count="51">
 LINEAR LINEAR LINEAR LINEAR LINEAR LINEAR LINEAR LINEAR LINEAR LINEAR LINEAR
LINEAR LINEAR LINEAR LINEAR LINEAR LINEAR LINEAR LINEAR LINEAR LINEAR LINEAR LINEAR
LINEAR LINEAR LINEAR LINEAR LINEAR LINEAR LINEAR LINEAR LINEAR LINEAR LINEAR LINEAR
LINEAR LINEAR LINEAR LINEAR LINEAR LINEAR LINEAR LINEAR LINEAR LINEAR LINEAR LINEAR
LINEAR LINEAR LINEAR LINEAR</Name_array>
        <technique_common>
          <accessor source="#mixamorig_Spine1-Interpolations-array" count="51">
            <param type="name"/>
          </accessor>
        </technique_common>
      </source>
      <sampler id="mixamorig_Spine1-Matrix-animation-transform">
        <input semantic="INPUT" source="#mixamorig_Spine1-Matrix-animation-input"/>
        <input semantic="OUTPUT" source="#mixamorig_Spine1-Matrix-animation-output-transform"/>
        <input semantic="INTERPOLATION" source="#mixamorig_Spine1-Interpolations"/>
      </sampler>
      <channel source="#mixamorig_Spine1-Matrix-animation-transform" target="mixamorig_Spine1/matrix"/>
    </animation>
    <animation id="mixamorig_Spine2-anim" name="mixamorig_Spine2">
      <source id="mixamorig_Spine2-Matrix-animation-input">
        <float_array id="mixamorig_Spine2-Matrix-animation-input-array" count="51">

0.000000 0.033333 0.066667 0.100000 0.133333 0.166667 0.200000 0.233333 0.266667 0.300000 0.333333 0.366667 0.400000 0.433333 0.466667 0.500000
0.533333 0.566667 0.600000 0.633333 0.666667 0.700000 0.733333 0.766667 0.800000 0.833333 0.866667 0.900000 0.933333 0.966667 1.000000 1.033333
1.066667 1.100000 1.133333 1.166667 1.200000 1.233333 1.266667 1.300000 1.333333 1.366667 1.400000 1.433333 1.466667 1.500000 1.533333 1.566667
1.600000 1.633333 1.666667</float_array>
        <technique_common>
          <accessor source="#mixamorig_Spine2-Matrix-animation-input-array" count="51">
            <param name="TIME" type="float"/>
          </accessor>
        </technique_common>
      </source>
      <source id="mixamorig_Spine2-Matrix-animation-output-transform">
        <float_array id="mixamorig_Spine2-Matrix-animation-output-transform-array" count="816">

0.992458 0.077638 0.094868 -0.000000 -0.067695 0.992283 -0.103883 27.930901 -0.102201 0.096677 0.990055 0.000000 0.000000 0.000000 0.000000 1.000000
0.992395 0.077619 0.095533 0.000000 -0.067495 0.992179 -0.105001 27.930901 -0.102936 0.097755 0.989873 -0.000000 0.000000 0.000000 0.000000 1.000000
0.992340 0.077603 0.096116 0.000000 -0.067310 0.992079 -0.106062 27.930901 -0.103585 0.098780 0.989703 0.000000 0.000000 0.000000 0.000000 1.000000
0.992305 0.077592 0.096492 0.000000 -0.067165 0.991990 -0.106982 27.930901 -0.104020 0.099677 0.989568 0.000000 0.000000 0.000000 0.000000 1.000000
0.992296 0.077602 0.096578 0.000000 -0.067091 0.991918 -0.107695 27.930901 -0.104155 0.100385 0.989482 -0.000000 0.000000 0.000000 0.000000 1.000000
0.992315 0.077607 0.096380 0.000000 -0.067068 0.991870 -0.108143 27.930901 -0.103989 0.100848 0.989452 0.000000 0.000000 0.000000 0.000000 1.000000
0.992353 0.077607 0.095985 0.000000 -0.067106 0.991865 -0.108168 27.930901 -0.103599 0.100899 0.989488 0.000000 0.000000 0.000000 0.000000 1.000000
0.992414 0.077625 0.095332 0.000000 -0.067253 0.991920 -0.107576 27.930901 -0.102913 0.100349 0.989616 -0.000000 0.000000 0.000000 0.000000 1.000000
0.992483 0.077879 0.094406 -0.000000 -0.067726 0.992019 -0.106353 27.930901 -0.101935 0.099159 0.989837 0.000000 0.000000 0.000000 0.000000 1.000000
0.992553 0.078278 0.093330 0.000000 -0.068411 0.992158 -0.104605 27.930901 -0.100786 0.097441 0.990125 0.000000 0.000000 0.000000 0.000000 1.000000
0.992605 0.078795 0.092340 -0.000000 -0.069230 0.992314 -0.102569 27.930901 -0.099713 0.095418 0.990431 0.000000 0.000000 0.000000 0.000000 1.000000
0.992632 0.079449 0.091484 0.000000 -0.070173 0.992459 -0.100503 27.930901 -0.098779 0.093343 0.990722 0.000000 0.000000 0.000000 0.000000 1.000000
0.992666 0.080134 0.090510 -0.000000 -0.071163 0.992605 -0.098344 27.930901 -0.097722 0.091182 0.991028 0.000000 0.000000 0.000000 0.000000 1.000000
0.992707 0.080741 0.089516 0.000000 -0.072099 0.992777 -0.095895 27.930901 -0.096612 0.088741 0.991358 -0.000000 0.000000 0.000000 0.000000 1.000000
0.992735 0.081314 0.088687 -0.000000 -0.073020 0.992979 -0.093058 27.930901 -0.095631 0.085906 0.991703 -0.000000 0.000000 0.000000 0.000000 1.000000
0.992718 0.082068 0.088180 0.000000 -0.074122 0.993189 -0.089895 27.930901 -0.094957 0.082705 0.992040 -0.000000 0.000000 0.000000 0.000000 1.000000
0.992650 0.083328 0.087764 -0.000000 -0.075722 0.993353 -0.086695 27.930901 -0.094405 0.079412 0.992362 0.000000 0.000000 0.000000 0.000000 1.000000
0.992565 0.085092 0.087033 0.000000 -0.077842 0.993458 -0.083561 27.930901 -0.093574 0.076165 0.992695 -0.000000 0.000000 0.000000 0.000000 1.000000
0.992471 0.087293 0.085910 0.000000 -0.080429 0.993516 -0.080352 27.930901 -0.092367 0.072837 0.993057 0.000000 0.000000 0.000000 0.000000 1.000000
0.992369 0.089756 0.084546 0.000000 -0.083307 0.993549 -0.076945 27.930901 -0.090907 0.069314 0.993444 -0.000000 0.000000 0.000000 0.000000 1.000000
0.992253 0.092203 0.083267 0.000000 -0.086172 0.993578 -0.073332 27.930901 -0.089493 0.065589 0.993825 0.000000 0.000000 0.000000 0.000000 1.000000
0.992136 0.094206 0.082407 -0.000000 -0.088546 0.993621 -0.069842 27.930901 -0.088461 0.061996 0.994148 -0.000000 0.000000 0.000000 0.000000 1.000000
0.992043 0.095619 0.081897 0.000000 -0.090267 0.993679 -0.066744 27.930901 -0.087761 0.058820 0.994403 0.000000 0.000000 0.000000 0.000000 1.000000
0.991992 0.096480 0.081514 0.000000 -0.091393 0.993757 -0.063993 27.930901 -0.087179 0.056030 0.994616 0.000000 0.000000 0.000000 0.000000 1.000000
0.991992 0.096858 0.081055 -0.000000 -0.092003 0.993849 -0.061641 27.930901 -0.086527 0.053690 0.994802 0.000000 0.000000 0.000000 0.000000 1.000000
0.992046 0.096839 0.080414 -0.000000 -0.092162 0.993936 -0.059977 27.930901 -0.085735 0.052089 0.994955 0.000000 0.000000 0.000000 0.000000 1.000000
0.992121 0.096611 0.079760 -0.000000 -0.091963 0.993951 -0.060033 27.930901 -0.085077 0.052225 0.995005 -0.000000 0.000000 0.000000 0.000000 1.000000
0.992170 0.096357 0.079455 0.000000 -0.091521 0.993845 -0.062421 27.930901 -0.084980 0.054660 0.994882 0.000000 0.000000 0.000000 0.000000 1.000000
0.992201 0.095959 0.079553 -0.000000 -0.090776 0.993655 -0.066403 27.930901 -0.085420 0.058663 0.994616 -0.000000 0.000000 0.000000 0.000000 1.000000
0.992240 0.095246 0.079930 0.000000 -0.089655 0.993450 -0.070850 27.930901 -0.086155 0.063134 0.994279 0.000000 0.000000 0.000000 0.000000 1.000000
0.992318 0.094094 0.080323 0.000000 -0.088148 0.993309 -0.074613 27.930901 -0.086806 0.066959 0.993972 -0.000000 0.000000 0.000000 0.000000 1.000000
0.992428 0.092766 0.080509 0.000000 -0.086559 0.993232 -0.077441 27.930901 -0.087148 0.069886 0.993741 0.000000 0.000000 0.000000 0.000000 1.000000
0.992541 0.091453 0.080615 0.000000 -0.085025 0.993173 -0.079862 27.930901 -0.087368 0.072412 0.993541 0.000000 0.000000 0.000000 0.000000 1.000000
0.992655 0.090134 0.080702 0.000000 -0.083502 0.993120 -0.082098 27.930901 -0.087546 0.074757 0.993351 0.000000 0.000000 0.000000 0.000000 1.000000
0.992767 0.088764 0.080843 -0.000000 -0.081935 0.993075 -0.084192 27.930901 -0.087757 0.076959 0.993165 0.000000 0.000000 0.000000 0.000000 1.000000
0.992870 0.087323 0.081135 0.000000 -0.080308 0.993050 -0.086042 27.930901 -0.088084 0.078913 0.992982 -0.000000 0.000000 0.000000 0.000000 1.000000
0.992939 0.085915 0.081798 0.000000 -0.078710 0.993044 -0.087575 27.930901 -0.088753 0.080518 0.992794 0.000000 0.000000 0.000000 0.000000 1.000000
0.992957 0.084660 0.082874 0.000000 -0.077248 0.993041 -0.088889 27.930901 -0.089823 0.081862 0.992588 -0.000000 0.000000 0.000000 0.000000 1.000000
0.992943 0.083590 0.084122 0.000000 -0.075966 0.993033 -0.090079 27.930901 -0.091065 0.083053 0.992376 -0.000000 0.000000 0.000000 0.000000 1.000000
0.992920 0.082695 0.085278 0.000000 -0.074869 0.993013 -0.091215 27.930901 -0.092225 0.084185 0.992173 0.000000 0.000000 0.000000 0.000000 1.000000
0.992907 0.081934 0.086151 0.000000 -0.073928 0.992979 -0.092341 27.930901 -0.093112 0.085317 0.991994 0.000000 0.000000 0.000000 0.000000 1.000000
0.992905 0.081236 0.086836 0.000000 -0.073066 0.992939 -0.093458 27.930901 -0.093815 0.086450 0.991829 0.000000 0.000000 0.000000 0.000000 1.000000
0.992892 0.080608 0.087564 0.000000 -0.072267 0.992891 -0.094582 27.930901 -0.094566 0.087582 0.991659 0.000000 0.000000 0.000000 0.000000 1.000000
0.992863 0.080046 0.088407 0.000000 -0.071522 0.992836 -0.095716 27.930901 -0.095435 0.088710 0.991475 0.000000 0.000000 0.000000 0.000000 1.000000
0.992818 0.079550 0.089355 0.000000 -0.070829 0.992774 -0.096862 27.930901 -0.096415 0.089838 0.991279 0.000000 0.000000 0.000000 0.000000 1.000000
0.992763 0.079116 0.090347 0.000000 -0.070191 0.992706 -0.098016 27.930901 -0.097443 0.090965 0.991075 0.000000 0.000000 0.000000 0.000000 1.000000
0.992702 0.078739 0.091336 -0.000000 -0.069608 0.992632 -0.099177 27.930901 -0.098472 0.092096 0.990869 0.000000 0.000000 0.000000 0.000000 1.000000
0.992639 0.078413 0.092299 0.000000 -0.069076 0.992552 -0.100343 27.930901 -0.099480 0.093229 0.990662 0.000000 0.000000 0.000000 0.000000 1.000000
0.992575 0.078136 0.093221 0.000000 -0.068593 0.992466 -0.101520 27.930901 -0.100451 0.094372 0.990456 0.000000 0.000000 0.000000 0.000000 1.000000
0.992513 0.077885 0.094082 0.000000 -0.068139 0.992376 -0.102703 27.930901 -0.101363 0.095523 0.990253 0.000000 0.000000 0.000000 0.000000 1.000000
0.992458 0.077638 0.094868 -0.000000 -0.067695 0.992283 -0.103883 27.930901 -0.102201 0.096677 0.990055 -0.000000 0.000000 0.000000 0.000000 1.000000</float_array>
        <technique_common>
          <accessor source="#mixamorig_Spine2-Matrix-animation-output-transform-array" count="51" stride="16">
            <param type="float4x4"/>
          </accessor>
        </technique_common>
      </source>
      <source id="mixamorig_Spine2-Interpolations">
        <Name_array id="mixamorig_Spine2-Interpolations-array" count="51">
 LINEAR LINEAR LINEAR LINEAR LINEAR LINEAR LINEAR LINEAR LINEAR LINEAR LINEAR
LINEAR LINEAR LINEAR LINEAR LINEAR LINEAR LINEAR LINEAR LINEAR LINEAR LINEAR LINEAR
