<?xml version="1.0" encoding="utf-8"?>
<COLLADA xmlns="http://www.collada.org/2005/11/COLLADASchema" version="1.4.1">
  <asset>
    <contributor>
      <author>Mixamo</author>
      <authoring_tool>COLLADA Mixamo exporter</authoring_tool>
      <comments/>
    </contributor>
    <created>2025-11-27T07:46:14Z</created>
    <modified>2025-11-27T07:46:14Z</modified>
    <revision/>
    <title/>
    <unit meter="0.010000"/>
    <up_axis>Y_UP</up_axis>
  </asset>
  <library_animations>
    <animation id="mixamorig_Hips-anim" name="mixamorig_Hips">
      <source id="mixamorig_Hips-Matrix-animation-input">
        <float_array id="mixamorig_Hips-Matrix-animation-input-array" count="60">

0.000000 0.033333 0.066667 0.100000 0.133333 0.166667 0.200000 0.233333 0.266667 0.300000 0.333333 0.366667 0.400000 0.433333 0.466667 0.500000
0.533333 0.566667 0.600000 0.633333 0.666667 0.700000 0.733333 0.766667 0.800000 0.833333 0.866667 0.900000 0.933333 0.966667 1.000000 1.033333
1.066667 1.100000 1.133333 1.166667 1.200000 1.233333 1.266667 1.300000 1.333333 1.366667 1.400000 1.433333 1.466667 1.500000 1.533333 1.566667
1.600000 1.633333 1.666667 1.700000 1.733333 1.766667 1.800000 1.833333 1.866667 1.900000 1.933333 1.966667</float_array>
        <technique_common>
          <accessor source="#mixamorig_Hips-Matrix-animation-input-array" count="60">
            <param name="TIME" type="float"/>
          </accessor>
        </technique_common>
      </source>
      <source id="mixamorig_Hips-Matrix-animation-output-transform">
        <float_array id="mixamorig_Hips-Matrix-animation-output-transform-array" count="960">

0.730144 0.053163 -0.681222 -1.470384 -0.000102 0.996977 0.077695 163.753540 0.683294 -0.056660 0.727942 0.285607 0.000000 0.000000 0.000000 1.000000
0.729843 0.053398 -0.681526 -1.449906 -0.000088 0.996952 0.078018 163.770142 0.683615 -0.056881 0.727623 0.266045 0.000000 0.000000 0.000000 1.000000
0.729630 0.053600 -0.681738 -1.427051 -0.000075 0.996930 0.078301 163.787430 0.683842 -0.057080 0.727394 0.254127 0.000000 0.000000 0.000000 1.000000
0.729630 0.053943 -0.681711 -1.403932 -0.000228 0.996903 0.078640 163.806656 0.683842 -0.057223 0.727383 0.255523 0.000000 0.000000 0.000000 1.000000
0.729911 0.054318 -0.681380 -1.384946 -0.000437 0.996875 0.079000 163.828110 0.683542 -0.057365 0.727654 0.274769 0.000000 0.000000 0.000000 1.000000
0.730413 0.054717 -0.680811 -1.372983 -0.000603 0.996837 0.079469 163.851212 0.683006 -0.057635 0.728135 0.312420 0.000000 0.000000 0.000000 1.000000
0.730980 0.055130 -0.680168 -1.367866 -0.000652 0.996787 0.080093 163.876984 0.682398 -0.058103 0.728668 0.365386 0.000000 0.000000 0.000000 1.000000
0.731452 0.055551 -0.679626 -1.367263 -0.000624 0.996730 0.080799 163.909180 0.681892 -0.058676 0.729095 0.430140 0.000000 0.000000 0.000000 1.000000
0.731731 0.055863 -0.679300 -1.368900 -0.000554 0.996684 0.081367 163.951187 0.681593 -0.059162 0.729336 0.505144 0.000000 0.000000 0.000000 1.000000
0.731798 0.056047 -0.679213 -1.369330 -0.000496 0.996656 0.081707 164.000687 0.681521 -0.059456 0.729379 0.589529 0.000000 0.000000 0.000000 1.000000
0.731680 0.056182 -0.679329 -1.363200 -0.000457 0.996638 0.081932 164.049545 0.681648 -0.059638 0.729246 0.680183 0.000000 0.000000 0.000000 1.000000
0.731463 0.056400 -0.679545 -1.345818 -0.000415 0.996610 0.082268 164.088165 0.681882 -0.059894 0.729006 0.771537 0.000000 0.000000 0.000000 1.000000
0.731335 0.056736 -0.679655 -1.318894 -0.000328 0.996563 0.082838 164.112839 0.682019 -0.060359 0.728840 0.858986 0.000000 0.000000 0.000000 1.000000
0.731519 0.057136 -0.679422 -1.291659 -0.000196 0.996500 0.083590 164.129700 0.681821 -0.061015 0.728970 0.942177 0.000000 0.000000 0.000000 1.000000
0.732054 0.057604 -0.678807 -1.274155 -0.000133 0.996431 0.084414 164.151947 0.681247 -0.061705 0.729448 1.023104 0.000000 0.000000 0.000000 1.000000
0.732654 0.058057 -0.678120 -1.268978 -0.000189 0.996372 0.085100 164.189667 0.680601 -0.062220 0.730008 1.101639 0.000000 0.000000 0.000000 1.000000
0.732926 0.058437 -0.677794 -1.270204 -0.000372 0.996338 0.085499 164.242935 0.680309 -0.062412 0.730263 1.174765 0.000000 0.000000 0.000000 1.000000
0.732706 0.058695 -0.678009 -1.270537 -0.000603 0.996329 0.085599 164.302078 0.680545 -0.062310 0.730052 1.240424 0.000000 0.000000 0.000000 1.000000
0.732206 0.058875 -0.678533 -1.267350 -0.000817 0.996332 0.085568 164.355545 0.681082 -0.062099 0.729569 1.300795 0.000000 0.000000 0.000000 1.000000
0.731791 0.059047 -0.678966 -1.262779 -0.000973 0.996329 0.085598 164.396545 0.681528 -0.061979 0.729162 1.361637 0.000000 0.000000 0.000000 1.000000
0.731678 0.059163 -0.679078 -1.260404 -0.001024 0.996321 0.085699 164.425049 0.681649 -0.062008 0.729047 1.428607 0.000000 0.000000 0.000000 1.000000
0.731837 0.059276 -0.678897 -1.262014 -0.001023 0.996304 0.085887 164.447205 0.681479 -0.062160 0.729193 1.504066 0.000000 0.000000 0.000000 1.000000
0.732116 0.059366 -0.678588 -1.267420 -0.000990 0.996287 0.086092 164.468781 0.681179 -0.062358 0.729456 1.585877 0.000000 0.000000 0.000000 1.000000
0.732374 0.059367 -0.678310 -1.275378 -0.000896 0.996275 0.086229 164.491867 0.680902 -0.062544 0.729699 1.668321 0.000000 0.000000 0.000000 1.000000
0.732502 0.059311 -0.678177 -1.284006 -0.000785 0.996270 0.086283 164.513779 0.680765 -0.062670 0.729816 1.743791 0.000000 0.000000 0.000000 1.000000
0.732454 0.059200 -0.678238 -1.291926 -0.000683 0.996276 0.086222 164.530853 0.680816 -0.062691 0.729767 1.804547 0.000000 0.000000 0.000000 1.000000
0.732241 0.059092 -0.678477 -1.299246 -0.000652 0.996289 0.086069 164.542282 0.681045 -0.062581 0.729562 1.845571 0.000000 0.000000 0.000000 1.000000
0.731980 0.058949 -0.678771 -1.307572 -0.000671 0.996312 0.085803 164.550171 0.681325 -0.062351 0.729320 1.866817 0.000000 0.000000 0.000000 1.000000
0.731778 0.058803 -0.679002 -1.317502 -0.000744 0.996339 0.085483 164.555161 0.681543 -0.062050 0.729143 1.871532 0.000000 0.000000 0.000000 1.000000
0.731646 0.058717 -0.679152 -1.327466 -0.000872 0.996363 0.085202 164.552612 0.681685 -0.061746 0.729036 1.862244 0.000000 0.000000 0.000000 1.000000
0.731563 0.058627 -0.679248 -1.334938 -0.000955 0.996383 0.084971 164.535156 0.681773 -0.061513 0.728973 1.839112 0.000000 0.000000 0.000000 1.000000
0.731561 0.058577 -0.679254 -1.338650 -0.000990 0.996392 0.084860 164.499832 0.681775 -0.061408 0.728980 1.802357 0.000000 0.000000 0.000000 1.000000
0.731720 0.058604 -0.679081 -1.340470 -0.001020 0.996390 0.084889 164.453766 0.681605 -0.061423 0.729138 1.754223 0.000000 0.000000 0.000000 1.000000
0.732024 0.058678 -0.678747 -1.344490 -0.001082 0.996383 0.084971 164.411606 0.681277 -0.061466 0.729440 1.698716 0.000000 0.000000 0.000000 1.000000
0.732326 0.058764 -0.678413 -1.353638 -0.001199 0.996379 0.085012 164.386444 0.680953 -0.061443 0.729745 1.639565 0.000000 0.000000 0.000000 1.000000
0.732418 0.058619 -0.678328 -1.367083 -0.001246 0.996401 0.084760 164.379700 0.680855 -0.061235 0.729854 1.577949 0.000000 0.000000 0.000000 1.000000
0.732202 0.058301 -0.678588 -1.379365 -0.001232 0.996441 0.084280 164.379013 0.681086 -0.060873 0.729668 1.512069 0.000000 0.000000 0.000000 1.000000
0.731808 0.057973 -0.679040 -1.385660 -0.001195 0.996483 0.083788 164.366043 0.681509 -0.060505 0.729304 1.440464 0.000000 0.000000 0.000000 1.000000
0.731522 0.057742 -0.679369 -1.387208 -0.001142 0.996510 0.083468 164.329803 0.681817 -0.060282 0.729035 1.365941 0.000000 0.000000 0.000000 1.000000
0.731537 0.057603 -0.679364 -1.389751 -0.001081 0.996521 0.083331 164.274918 0.681801 -0.060225 0.729054 1.295173 0.000000 0.000000 0.000000 1.000000
0.731784 0.057487 -0.679108 -1.397888 -0.001013 0.996527 0.083265 164.217041 0.681536 -0.060244 0.729300 1.233129 0.000000 0.000000 0.000000 1.000000
0.731988 0.057320 -0.678902 -1.412251 -0.000914 0.996536 0.083153 164.171829 0.681317 -0.060246 0.729505 1.178798 0.000000 0.000000 0.000000 1.000000
0.731918 0.057044 -0.679000 -1.430426 -0.000779 0.996559 0.082883 164.143707 0.681392 -0.060135 0.729444 1.126266 0.000000 0.000000 0.000000 1.000000
0.731550 0.056717 -0.679425 -1.449082 -0.000634 0.996590 0.082511 164.125504 0.681788 -0.059930 0.729091 1.068031 0.000000 0.000000 0.000000 1.000000
0.731048 0.056400 -0.679991 -1.465149 -0.000497 0.996622 0.082127 164.105148 0.682326 -0.059701 0.728606 0.998847 0.000000 0.000000 0.000000 1.000000
0.730625 0.056149 -0.680466 -1.476827 -0.000417 0.996649 0.081791 164.074982 0.682779 -0.059475 0.728201 0.918084 0.000000 0.000000 0.000000 1.000000
0.730409 0.055941 -0.680715 -1.484881 -0.000394 0.996675 0.081484 164.035309 0.683010 -0.059248 0.728002 0.829470 0.000000 0.000000 0.000000 1.000000
0.730410 0.055717 -0.680732 -1.491681 -0.000391 0.996701 0.081160 163.992889 0.683009 -0.059014 0.728022 0.739060 0.000000 0.000000 0.000000 1.000000
0.730563 0.055468 -0.680589 -1.498642 -0.000386 0.996729 0.080820 163.955338 0.682845 -0.058782 0.728194 0.652662 0.000000 0.000000 0.000000 1.000000
0.730770 0.055192 -0.680389 -1.504225 -0.000355 0.996757 0.080474 163.925903 0.682624 -0.058567 0.728419 0.574704 0.000000 0.000000 0.000000 1.000000
0.730910 0.054853 -0.680266 -1.505256 -0.000257 0.996787 0.080100 163.901733 0.682474 -0.058371 0.728575 0.508729 0.000000 0.000000 0.000000 1.000000
0.730882 0.054483 -0.680326 -1.500295 -0.000112 0.996818 0.079709 163.877686 0.682504 -0.058181 0.728562 0.457154 0.000000 0.000000 0.000000 1.000000
0.730669 0.054254 -0.680573 -1.490821 -0.000054 0.996842 0.079409 163.851471 0.682732 -0.057985 0.728365 0.420204 0.000000 0.000000 0.000000 1.000000
0.730351 0.054128 -0.680925 -1.481011 -0.000055 0.996860 0.079183 163.825104 0.683073 -0.057794 0.728060 0.394393 0.000000 0.000000 0.000000 1.000000
0.730059 0.054017 -0.681246 -1.474254 -0.000056 0.996876 0.078984 163.801910 0.683384 -0.057624 0.727781 0.374405 0.000000 0.000000 0.000000 1.000000
0.729898 0.053895 -0.681428 -1.471655 -0.000058 0.996892 0.078783 163.784149 0.683556 -0.057464 0.727633 0.355768 0.000000 0.000000 0.000000 1.000000
0.729909 0.053722 -0.681430 -1.472220 -0.000057 0.996912 0.078532 163.771683 0.683544 -0.057282 0.727658 0.336456 0.000000 0.000000 0.000000 1.000000
0.730032 0.053487 -0.681317 -1.473442 -0.000057 0.996937 0.078204 163.763138 0.683413 -0.057052 0.727799 0.316180 0.000000 0.000000 0.000000 1.000000
0.730125 0.053229 -0.681238 -1.472156 -0.000056 0.996966 0.077838 163.756622 0.683314 -0.056793 0.727912 0.295521 0.000000 0.000000 0.000000 1.000000
0.730124 0.053104 -0.681248 -1.470668 -0.000055 0.996980 0.077657 163.753616 0.683314 -0.056662 0.727922 0.285320 0.000000 0.000000 0.000000 1.000000</float_array>
        <technique_common>
          <accessor source="#mixamorig_Hips-Matrix-animation-output-transform-array" count="60" stride="16">
            <param type="float4x4"/>
          </accessor>
        </technique_common>
      </source>
      <source id="mixamorig_Hips-Interpolations">
        <Name_array id="mixamorig_Hips-Interpolations-array" count="60">
 LINEAR LINEAR LINEAR LINEAR LINEAR LINEAR LINEAR LINEAR LINEAR LINEAR LINEAR
LINEAR LINEAR LINEAR LINEAR LINEAR LINEAR LINEAR LINEAR LINEAR LINEAR LINEAR LINEAR
LINEAR LINEAR LINEAR LINEAR LINEAR LINEAR LINEAR LINEAR LINEAR LINEAR LINEAR LINEAR
LINEAR LINEAR LINEAR LINEAR LINEAR LINEAR LINEAR LINEAR LINEAR LINEAR LINEAR LINEAR
LINEAR LINEAR LINEAR LINEAR LINEAR LINEAR LINEAR LINEAR LINEAR LINEAR LINEAR LINEAR
LINEAR</Name_array>
        <technique_common>
          <accessor source="#mixamorig_Hips-Interpolations-array" count="60">
            <param type="name"/>
          </accessor>
        </technique_common>
      </source>
      <sampler id="mixamorig_Hips-Matrix-animation-transform">
        <input semantic="INPUT" source="#mixamorig_Hips-Matrix-animation-input"/>
        <input semantic="OUTPUT" source="#mixamorig_Hips-Matrix-animation-output-transform"/>
        <input semantic="INTERPOLATION" source="#mixamorig_Hips-Interpolations"/>
      </sampler>
      <channel source="#mixamorig_Hips-Matrix-animation-transform" target="mixamorig_Hips/matrix"/>
    </animation>
    <animation id="mixamorig_Spine-anim" name="mixamorig_Spine">
      <source id="mixamorig_Spine-Matrix-animation-input">
        <float_array id="mixamorig_Spine-Matrix-animation-input-array" count="60">

0.000000 0.033333 0.066667 0.100000 0.133333 0.166667 0.200000 0.233333 0.266667 0.300000 0.333333 0.366667 0.400000 0.433333 0.466667 0.500000
0.533333 0.566667 0.600000 0.633333 0.666667 0.700000 0.733333 0.766667 0.800000 0.833333 0.866667 0.900000 0.933333 0.966667 1.000000 1.033333
1.066667 1.100000 1.133333 1.166667 1.200000 1.233333 1.266667 1.300000 1.333333 1.366667 1.400000 1.433333 1.466667 1.500000 1.533333 1.566667
1.600000 1.633333 1.666667 1.700000 1.733333 1.766667 1.800000 1.833333 1.866667 1.900000 1.933333 1.966667</float_array>
        <technique_common>
          <accessor source="#mixamorig_Spine-Matrix-animation-input-array" count="60">
            <param name="TIME" type="float"/>
          </accessor>
        </technique_common>
      </source>
      <source id="mixamorig_Spine-Matrix-animation-output-transform">
        <float_array id="mixamorig_Spine-Matrix-animation-output-transform-array" count="960">

0.996653 0.018533 0.079618 0.000000 -0.010903 0.995397 -0.095219 20.947800 -0.081016 0.094032 0.992267 -0.126600 0.000000 0.000000 0.000000 1.000000
0.996653 0.018536 0.079620 0.000000 -0.010910 0.995401 -0.095168 20.947800 -0.081018 0.093981 0.992272 -0.126600 0.000000 0.000000 0.000000 1.000000
0.996653 0.018520 0.079624 -0.000000 -0.010902 0.995412 -0.095060 20.947800 -0.081020 0.093874 0.992282 -0.126600 0.000000 0.000000 0.000000 1.000000
0.996657 0.018458 0.079581 0.000000 -0.010858 0.995428 -0.094893 20.947800 -0.080969 0.093712 0.992301 -0.126600 0.000000 0.000000 0.000000 1.000000
0.996669 0.018350 0.079467 0.000000 -0.010780 0.995451 -0.094664 20.947800 -0.080843 0.093492 0.992332 -0.126600 0.000000 0.000000 0.000000 1.000000
0.996692 0.018162 0.079217 -0.000000 -0.010639 0.995479 -0.094381 20.947800 -0.080573 0.093226 0.992379 -0.126600 0.000000 0.000000 0.000000 1.000000
0.996716 0.017975 0.078958 -0.000000 -0.010502 0.995511 -0.094060 20.947800 -0.080294 0.092922 0.992431 -0.126600 0.000000 0.000000 0.000000 1.000000
0.996730 0.017822 0.078810 0.000000 -0.010392 0.995547 -0.093692 20.947800 -0.080129 0.092567 0.992477 -0.126600 0.000000 0.000000 0.000000 1.000000
0.996735 0.017699 0.078782 0.000000 -0.010307 0.995588 -0.093267 20.947800 -0.080086 0.092150 0.992519 -0.126600 0.000000 0.000000 0.000000 1.000000
0.996732 0.017600 0.078844 0.000000 -0.010242 0.995635 -0.092774 20.947800 -0.080133 0.091663 0.992561 -0.126600 0.000000 0.000000 0.000000 1.000000
0.996725 0.017509 0.078951 0.000000 -0.010183 0.995683 -0.092255 20.947800 -0.080226 0.091149 0.992600 -0.126600 0.000000 0.000000 0.000000 1.000000
0.996717 0.017410 0.079070 0.000000 -0.010113 0.995729 -0.091769 20.947800 -0.080330 0.090668 0.992636 -0.126600 0.000000 0.000000 0.000000 1.000000
0.996713 0.017284 0.079146 0.000000 -0.010015 0.995770 -0.091333 20.947800 -0.080390 0.090241 0.992670 -0.126600 0.000000 0.000000 0.000000 1.000000
0.996719 0.017120 0.079111 -0.000000 -0.009887 0.995808 -0.090927 20.947800 -0.080336 0.089847 0.992710 -0.126600 0.000000 0.000000 0.000000 1.000000
0.996735 0.016919 0.078954 -0.000000 -0.009734 0.995848 -0.090511 20.947800 -0.080157 0.089447 0.992761 -0.126600 0.000000 0.000000 0.000000 1.000000
0.996750 0.016715 0.078799 0.000000 -0.009581 0.995891 -0.090056 20.947800 -0.079981 0.089008 0.992814 -0.126600 0.000000 0.000000 0.000000 1.000000
0.996757 0.016533 0.078759 0.000000 -0.009442 0.995936 -0.089569 20.947800 -0.079920 0.088535 0.992862 -0.126600 0.000000 0.000000 0.000000 1.000000
0.996752 0.016401 0.078841 -0.000000 -0.009342 0.995980 -0.089084 20.947800 -0.079986 0.088058 0.992899 -0.126600 0.000000 0.000000 0.000000 1.000000
0.996744 0.016302 0.078964 0.000000 -0.009269 0.996021 -0.088630 20.947800 -0.080094 0.087610 0.992930 -0.126600 0.000000 0.000000 0.000000 1.000000
0.996740 0.016203 0.079041 -0.000000 -0.009194 0.996057 -0.088238 20.947800 -0.080159 0.087223 0.992959 -0.126600 0.000000 0.000000 0.000000 1.000000
0.996742 0.016094 0.079036 0.000000 -0.009115 0.996089 -0.087883 20.947800 -0.080142 0.086877 0.992990 -0.126600 0.000000 0.000000 0.000000 1.000000
0.996748 0.015991 0.078980 -0.000000 -0.009044 0.996119 -0.087548 20.947800 -0.080074 0.086549 0.993024 -0.126600 0.000000 0.000000 0.000000 1.000000
0.996753 0.015903 0.078928 -0.000000 -0.008987 0.996149 -0.087219 20.947800 -0.080011 0.086227 0.993057 -0.126600 0.000000 0.000000 0.000000 1.000000
0.996756 0.015837 0.078912 0.000000 -0.008946 0.996176 -0.086916 20.947800 -0.079987 0.085928 0.993085 -0.126600 0.000000 0.000000 0.000000 1.000000
0.996755 0.015790 0.078925 0.000000 -0.008919 0.996198 -0.086665 20.947800 -0.079994 0.085680 0.993106 -0.126600 0.000000 0.000000 0.000000 1.000000
0.996753 0.015772 0.078963 0.000000 -0.008911 0.996212 -0.086496 20.947800 -0.080028 0.085512 0.993118 -0.126600 0.000000 0.000000 0.000000 1.000000
0.996749 0.015789 0.079007 -0.000000 -0.008929 0.996217 -0.086445 20.947800 -0.080073 0.085458 0.993119 -0.126600 0.000000 0.000000 0.000000 1.000000
0.996745 0.015849 0.079046 0.000000 -0.008978 0.996208 -0.086534 20.947800 -0.080118 0.085543 0.993108 -0.126600 0.000000 0.000000 0.000000 1.000000
0.996741 0.015934 0.079080 0.000000 -0.009044 0.996190 -0.086738 20.947800 -0.080161 0.085740 0.993088 -0.126600 0.000000 0.000000 0.000000 1.000000
0.996737 0.016029 0.079115 -0.000000 -0.009115 0.996167 -0.086993 20.947800 -0.080206 0.085988 0.993062 -0.126600 0.000000 0.000000 0.000000 1.000000
0.996733 0.016121 0.079148 -0.000000 -0.009181 0.996142 -0.087273 20.947800 -0.080250 0.086261 0.993035 -0.126600 0.000000 0.000000 0.000000 1.000000
0.996731 0.016200 0.079151 -0.000000 -0.009233 0.996112 -0.087611 20.947800 -0.080262 0.086594 0.993005 -0.126600 0.000000 0.000000 0.000000 1.000000
0.996733 0.016267 0.079109 0.000000 -0.009270 0.996075 -0.088029 20.947800 -0.080230 0.087008 0.992972 -0.126600 0.000000 0.000000 0.000000 1.000000
0.996737 0.016329 0.079045 -0.000000 -0.009302 0.996036 -0.088464 20.947800 -0.080176 0.087440 0.992938 -0.126600 0.000000 0.000000 0.000000 1.000000
0.996739 0.016401 0.079006 -0.000000 -0.009346 0.996000 -0.088859 20.947800 -0.080147 0.087831 0.992906 -0.126600 0.000000 0.000000 0.000000 1.000000
0.996736 0.016504 0.079026 0.000000 -0.009420 0.995969 -0.089198 20.947800 -0.080179 0.088162 0.992874 -0.126600 0.000000 0.000000 0.000000 1.000000
0.996728 0.016632 0.079094 -0.000000 -0.009516 0.995940 -0.089516 20.947800 -0.080261 0.088470 0.992840 -0.126600 0.000000 0.000000 0.000000 1.000000
0.996721 0.016762 0.079155 0.000000 -0.009614 0.995909 -0.089847 20.947800 -0.080337 0.088792 0.992805 -0.126600 0.000000 0.000000 0.000000 1.000000
0.996719 0.016862 0.079164 0.000000 -0.009681 0.995874 -0.090226 20.947800 -0.080359 0.089164 0.992770 -0.126600 0.000000 0.000000 0.000000 1.000000
0.996721 0.016911 0.079126 -0.000000 -0.009702 0.995838 -0.090624 20.947800 -0.080329 0.089559 0.992737 -0.126600 0.000000 0.000000 0.000000 1.000000
0.996725 0.016968 0.079071 -0.000000 -0.009734 0.995804 -0.090988 20.947800 -0.080283 0.089920 0.992708 -0.126600 0.000000 0.000000 0.000000 1.000000
0.996725 0.017054 0.079051 -0.000000 -0.009798 0.995776 -0.091290 20.947800 -0.080274 0.090216 0.992682 -0.126600 0.000000 0.000000 0.000000 1.000000
0.996719 0.017171 0.079091 0.000000 -0.009889 0.995751 -0.091550 20.947800 -0.080327 0.090467 0.992655 -0.126600 0.000000 0.000000 0.000000 1.000000
0.996710 0.017311 0.079181 0.000000 -0.010000 0.995726 -0.091811 20.947800 -0.080432 0.090718 0.992623 -0.126600 0.000000 0.000000 0.000000 1.000000
0.996698 0.017467 0.079298 0.000000 -0.010122 0.995698 -0.092104 20.947800 -0.080565 0.090997 0.992587 -0.126600 0.000000 0.000000 0.000000 1.000000
0.996686 0.017615 0.079411 0.000000 -0.010233 0.995668 -0.092418 20.947800 -0.080695 0.091299 0.992549 -0.126600 0.000000 0.000000 0.000000 1.000000
0.996678 0.017740 0.079485 -0.000000 -0.010326 0.995636 -0.092745 20.947800 -0.080783 0.091616 0.992512 -0.126600 0.000000 0.000000 0.000000 1.000000
0.996674 0.017851 0.079517 0.000000 -0.010407 0.995606 -0.093067 20.947800 -0.080829 0.091929 0.992480 -0.126600 0.000000 0.000000 0.000000 1.000000
0.996671 0.017948 0.079523 0.000000 -0.010478 0.995576 -0.093378 20.947800 -0.080847 0.092234 0.992450 -0.126600 0.000000 0.000000 0.000000 1.000000
0.996670 0.018035 0.079521 -0.000000 -0.010541 0.995547 -0.093671 20.947800 -0.080856 0.092521 0.992422 -0.126600 0.000000 0.000000 0.000000 1.000000
0.996669 0.018113 0.079519 -0.000000 -0.010597 0.995521 -0.093944 20.947800 -0.080865 0.092789 0.992397 -0.126600 0.000000 0.000000 0.000000 1.000000
0.996667 0.018185 0.079530 0.000000 -0.010647 0.995497 -0.094195 20.947800 -0.080885 0.093034 0.992372 -0.126600 0.000000 0.000000 0.000000 1.000000
0.996662 0.018234 0.079573 0.000000 -0.010674 0.995476 -0.094415 20.947800 -0.080934 0.093251 0.992348 -0.126600 0.000000 0.000000 0.000000 1.000000
0.996658 0.018259 0.079625 -0.000000 -0.010679 0.995458 -0.094604 20.947800 -0.080991 0.093438 0.992326 -0.126600 0.000000 0.000000 0.000000 1.000000
0.996654 0.018282 0.079663 0.000000 -0.010685 0.995442 -0.094771 20.947800 -0.081033 0.093602 0.992307 -0.126600 0.000000 0.000000 0.000000 1.000000
0.996653 0.018323 0.079670 0.000000 -0.010713 0.995427 -0.094922 20.947800 -0.081045 0.093751 0.992292 -0.126600 0.000000 0.000000 0.000000 1.000000
0.996653 0.018368 0.079662 -0.000000 -0.010748 0.995415 -0.095048 20.947800 -0.081042 0.093874 0.992280 -0.126600 0.000000 0.000000 0.000000 1.000000
0.996653 0.018406 0.079654 0.000000 -0.010778 0.995405 -0.095149 20.947800 -0.081039 0.093972 0.992271 -0.126600 0.000000 0.000000 0.000000 1.000000
0.996652 0.018428 0.079651 -0.000000 -0.010794 0.995396 -0.095240 20.947800 -0.081040 0.094062 0.992263 -0.126600 0.000000 0.000000 0.000000 1.000000
0.996652 0.018439 0.079651 -0.000000 -0.010801 0.995392 -0.095278 20.947800 -0.081040 0.094099 0.992259 -0.126600 0.000000 0.000000 0.000000 1.000000</float_array>
        <technique_common>
          <accessor source="#mixamorig_Spine-Matrix-animation-output-transform-array" count="60" stride="16">
            <param type="float4x4"/>
          </accessor>
        </technique_common>
      </source>
      <source id="mixamorig_Spine-Interpolations">
        <Name_array id="mixamorig_Spine-Interpolations-array" count="60">
 LINEAR LINEAR LINEAR LINEAR LINEAR LINEAR LINEAR LINEAR LINEAR LINEAR LINEAR
LINEAR LINEAR LINEAR LINEAR LINEAR LINEAR LINEAR LINEAR LINEAR LINEAR LINEAR LINEAR
LINEAR LINEAR LINEAR LINEAR LINEAR LINEAR LINEAR LINEAR LINEAR LINEAR LINEAR LINEAR
LINEAR LINEAR LINEAR LINEAR LINEAR LINEAR LINEAR LINEAR LINEAR LINEAR LINEAR LINEAR
LINEAR LINEAR LINEAR LINEAR LINEAR LINEAR LINEAR LINEAR LINEAR LINEAR LINEAR LINEAR
LINEAR</Name_array>
        <technique_common>
          <accessor source="#mixamorig_Spine-Interpolations-array" count="60">
            <param type="name"/>
          </accessor>
        </technique_common>
      </source>
      <sampler id="mixamorig_Spine-Matrix-animation-transform">
        <input semantic="INPUT" source="#mixamorig_Spine-Matrix-animation-input"/>
        <input semantic="OUTPUT" source="#mixamorig_Spine-Matrix-animation-output-transform"/>
        <input semantic="INTERPOLATION" source="#mixamorig_Spine-Interpolations"/>
      </sampler>
      <channel source="#mixamorig_Spine-Matrix-animation-transform" target="mixamorig_Spine/matrix"/>
    </animation>
    <animation id="mixamorig_Spine1-anim" name="mixamorig_Spine1">
      <source id="mixamorig_Spine1-Matrix-animation-input">
        <float_array id="mixamorig_Spine1-Matrix-animation-input-array" count="60">

0.000000 0.033333 0.066667 0.100000 0.133333 0.166667 0.200000 0.233333 0.266667 0.300000 0.333333 0.366667 0.400000 0.433333 0.466667 0.500000
0.533333 0.566667 0.600000 0.633333 0.666667 0.700000 0.733333 0.766667 0.800000 0.833333 0.866667 0.900000 0.933333 0.966667 1.000000 1.033333
1.066667 1.100000 1.133333 1.166667 1.200000 1.233333 1.266667 1.300000 1.333333 1.366667 1.400000 1.433333 1.466667 1.500000 1.533333 1.566667
1.600000 1.633333 1.666667 1.700000 1.733333 1.766667 1.800000 1.833333 1.866667 1.900000 1.933333 1.966667</float_array>
        <technique_common>
          <accessor source="#mixamorig_Spine1-Matrix-animation-input-array" count="60">
            <param name="TIME" type="float"/>
          </accessor>
        </technique_common>
      </source>
      <source id="mixamorig_Spine1-Matrix-animation-output-transform">
        <float_array id="mixamorig_Spine1-Matrix-animation-output-transform-array" count="960">

0.986184 0.052143 0.157233 0.000000 -0.019486 0.979093 -0.202478 24.439501 -0.164503 0.196617 0.966582 0.000000 0.000000 0.000000 0.000000 1.000000
0.986184 0.052114 0.157241 0.000000 -0.019473 0.979114 -0.202376 24.439501 -0.164503 0.196518 0.966602 -0.000000 0.000000 0.000000 0.000000 1.000000
0.986185 0.052046 0.157258 0.000000 -0.019438 0.979159 -0.202161 24.439501 -0.164503 0.196312 0.966644 0.000000 0.000000 0.000000 0.000000 1.000000
0.986204 0.051904 0.157187 0.000000 -0.019368 0.979229 -0.201829 24.439501 -0.164398 0.196000 0.966725 0.000000 0.000000 0.000000 0.000000 1.000000
0.986247 0.051681 0.156988 0.000000 -0.019264 0.979325 -0.201373 24.439501 -0.164149 0.195579 0.966853 0.000000 0.000000 0.000000 0.000000 1.000000
0.986341 0.051291 0.156529 0.000000 -0.019065 0.979446 -0.200805 24.439501 -0.163612 0.195078 0.967045 0.000000 0.000000 0.000000 0.000000 1.000000
0.986435 0.050897 0.156060 0.000000 -0.018876 0.979581 -0.200164 24.439501 -0.163061 0.194503 0.967254 0.000000 0.000000 0.000000 0.000000 1.000000
0.986492 0.050568 0.155809 -0.000000 -0.018723 0.979733 -0.199432 24.439501 -0.162737 0.193820 0.967445 0.000000 0.000000 0.000000 0.000000 1.000000
0.986508 0.050301 0.155796 0.000000 -0.018602 0.979906 -0.198589 24.439501 -0.162654 0.193012 0.967621 0.000000 0.000000 0.000000 0.000000 1.000000
0.986494 0.050076 0.155956 0.000000 -0.018511 0.980105 -0.197616 24.439501 -0.162749 0.192060 0.967794 0.000000 0.000000 0.000000 0.000000 1.000000
0.986465 0.049866 0.156205 0.000000 -0.018425 0.980312 -0.196593 24.439501 -0.162933 0.191054 0.967962 -0.000000 0.000000 0.000000 0.000000 1.000000
0.986433 0.049647 0.156476 -0.000000 -0.018316 0.980506 -0.195632 24.439501 -0.163138 0.190112 0.968113 0.000000 0.000000 0.000000 0.000000 1.000000
0.986418 0.049379 0.156659 0.000000 -0.018159 0.980681 -0.194770 24.439501 -0.163250 0.189280 0.968258 -0.000000 0.000000 0.000000 0.000000 1.000000
0.986440 0.049034 0.156629 0.000000 -0.017958 0.980845 -0.193962 24.439501 -0.163139 0.188519 0.968425 0.000000 0.000000 0.000000 0.000000 1.000000
0.986502 0.048613 0.156367 0.000000 -0.017730 0.981013 -0.193132 24.439501 -0.162787 0.187752 0.968633 -0.000000 0.000000 0.000000 0.000000 1.000000
0.986563 0.048186 0.156111 0.000000 -0.017507 0.981195 -0.192224 24.439501 -0.162438 0.186908 0.968855 0.000000 0.000000 0.000000 0.000000 1.000000
0.986587 0.047811 0.156077 0.000000 -0.017302 0.981387 -0.191257 24.439501 -0.162317 0.185992 0.969051 0.000000 0.000000 0.000000 0.000000 1.000000
0.986569 0.047534 0.156275 0.000000 -0.017150 0.981577 -0.190296 24.439501 -0.162442 0.185060 0.969209 0.000000 0.000000 0.000000 0.000000 1.000000
0.986537 0.047323 0.156544 0.000000 -0.017039 0.981752 -0.189400 24.439501 -0.162650 0.184182 0.969341 0.000000 0.000000 0.000000 0.000000 1.000000
0.986519 0.047115 0.156721 0.000000 -0.016929 0.981904 -0.188624 24.439501 -0.162772 0.183428 0.969464 -0.000000 0.000000 0.000000 0.000000 1.000000
0.986527 0.046889 0.156738 0.000000 -0.016819 0.982040 -0.187921 24.439501 -0.162735 0.182753 0.969597 0.000000 0.000000 0.000000 0.000000 1.000000
0.986550 0.046678 0.156654 0.000000 -0.016737 0.982168 -0.187256 24.439501 -0.162601 0.182116 0.969739 0.000000 0.000000 0.000000 0.000000 1.000000
0.986570 0.046503 0.156577 0.000000 -0.016685 0.982293 -0.186607 24.439501 -0.162482 0.181488 0.969877 0.000000 0.000000 0.000000 0.000000 1.000000
0.986578 0.046370 0.156570 0.000000 -0.016654 0.982407 -0.186007 24.439501 -0.162441 0.180903 0.969993 -0.000000 0.000000 0.000000 0.000000 1.000000
0.986575 0.046277 0.156615 -0.000000 -0.016637 0.982501 -0.185513 24.439501 -0.162460 0.180417 0.970081 0.000000 0.000000 0.000000 0.000000 1.000000
0.986563 0.046243 0.156699 0.000000 -0.016642 0.982563 -0.185181 24.439501 -0.162530 0.180085 0.970131 0.000000 0.000000 0.000000 0.000000 1.000000
0.986547 0.046291 0.156785 0.000000 -0.016691 0.982581 -0.185083 24.439501 -0.162622 0.179976 0.970135 0.000000 0.000000 0.000000 0.000000 1.000000
0.986530 0.046431 0.156850 0.000000 -0.016789 0.982545 -0.185263 24.439501 -0.162714 0.180135 0.970091 0.000000 0.000000 0.000000 0.000000 1.000000
0.986514 0.046630 0.156897 0.000000 -0.016909 0.982466 -0.185671 24.439501 -0.162804 0.180514 0.970005 0.000000 0.000000 0.000000 0.000000 1.000000
0.986495 0.046854 0.156945 0.000000 -0.017038 0.982368 -0.186182 24.439501 -0.162901 0.180994 0.969899 -0.000000 0.000000 0.000000 0.000000 1.000000
0.986478 0.047069 0.156986 0.000000 -0.017151 0.982260 -0.186739 24.439501 -0.162991 0.181522 0.969785 0.000000 0.000000 0.000000 0.000000 1.000000
0.986473 0.047261 0.156964 0.000000 -0.017233 0.982131 -0.187409 24.439501 -0.163017 0.182169 0.969660 0.000000 0.000000 0.000000 0.000000 1.000000
0.986482 0.047431 0.156855 0.000000 -0.017284 0.981972 -0.188235 24.439501 -0.162955 0.182979 0.969517 0.000000 0.000000 0.000000 0.000000 1.000000
0.986498 0.047590 0.156704 0.000000 -0.017326 0.981806 -0.189094 24.439501 -0.162852 0.183826 0.969375 0.000000 0.000000 0.000000 0.000000 1.000000
0.986506 0.047766 0.156604 0.000000 -0.017390 0.981654 -0.189875 24.439501 -0.162801 0.184589 0.969238 0.000000 0.000000 0.000000 0.000000 1.000000
0.986493 0.047982 0.156620 0.000000 -0.017488 0.981522 -0.190546 24.439501 -0.162869 0.185234 0.969104 0.000000 0.000000 0.000000 0.000000 1.000000
0.986464 0.048233 0.156726 0.000000 -0.017611 0.981397 -0.191178 24.439501 -0.163032 0.185830 0.968962 -0.000000 0.000000 0.000000 0.000000 1.000000
0.986437 0.048487 0.156815 0.000000 -0.017737 0.981267 -0.191836 24.439501 -0.163179 0.186453 0.968818 0.000000 0.000000 0.000000 0.000000 1.000000
0.986429 0.048687 0.156805 0.000000 -0.017811 0.981119 -0.192585 24.439501 -0.163221 0.187178 0.968671 0.000000 0.000000 0.000000 0.000000 1.000000
0.986439 0.048801 0.156703 -0.000000 -0.017813 0.980965 -0.193368 24.439501 -0.163156 0.187954 0.968532 0.000000 0.000000 0.000000 0.000000 1.000000
0.986454 0.048936 0.156569 0.000000 -0.017852 0.980822 -0.194085 24.439501 -0.163064 0.188660 0.968410 0.000000 0.000000 0.000000 0.000000 1.000000
0.986455 0.049124 0.156506 0.000000 -0.017950 0.980702 -0.194683 24.439501 -0.163049 0.189237 0.968300 -0.000000 0.000000 0.000000 0.000000 1.000000
0.986434 0.049362 0.156562 -0.000000 -0.018088 0.980596 -0.195201 24.439501 -0.163159 0.189721 0.968186 0.000000 0.000000 0.000000 0.000000 1.000000
0.986397 0.049636 0.156710 0.000000 -0.018244 0.980490 -0.195723 24.439501 -0.163368 0.190201 0.968057 0.000000 0.000000 0.000000 0.000000 1.000000
0.986350 0.049940 0.156909 0.000000 -0.018409 0.980370 -0.196305 24.439501 -0.163632 0.190737 0.967907 -0.000000 0.000000 0.000000 0.000000 1.000000
0.986305 0.050230 0.157099 0.000000 -0.018554 0.980242 -0.196930 24.439501 -0.163887 0.191318 0.967749 0.000000 0.000000 0.000000 0.000000 1.000000
0.986274 0.050482 0.157211 0.000000 -0.018673 0.980109 -0.197578 24.439501 -0.164058 0.191930 0.967599 -0.000000 0.000000 0.000000 0.000000 1.000000
0.986257 0.050705 0.157245 0.000000 -0.018780 0.979979 -0.198215 24.439501 -0.164148 0.192538 0.967463 0.000000 0.000000 0.000000 0.000000 1.000000
0.986249 0.050901 0.157230 0.000000 -0.018873 0.979852 -0.198831 24.439501 -0.164183 0.193130 0.967339 0.000000 0.000000 0.000000 0.000000 1.000000
0.986245 0.051075 0.157201 -0.000000 -0.018953 0.979733 -0.199411 24.439501 -0.164199 0.193689 0.967224 0.000000 0.000000 0.000000 0.000000 1.000000
0.986241 0.051229 0.157175 0.000000 -0.019020 0.979621 -0.199950 24.439501 -0.164216 0.194210 0.967117 0.000000 0.000000 0.000000 0.000000 1.000000
0.986234 0.051365 0.157176 0.000000 -0.019071 0.979519 -0.200445 24.439501 -0.164253 0.194688 0.967015 -0.000000 0.000000 0.000000 0.000000 1.000000
0.986218 0.051471 0.157238 0.000000 -0.019090 0.979430 -0.200880 24.439501 -0.164344 0.195110 0.966914 0.000000 0.000000 0.000000 0.000000 1.000000
0.986201 0.051541 0.157324 0.000000 -0.019078 0.979354 -0.201251 24.439501 -0.164449 0.195473 0.966823 0.000000 0.000000 0.000000 0.000000 1.000000
0.986188 0.051603 0.157384 0.000000 -0.019072 0.979286 -0.201579 24.439501 -0.164526 0.195794 0.966745 0.000000 0.000000 0.000000 0.000000 1.000000
0.986184 0.051698 0.157382 -0.000000 -0.019116 0.979224 -0.201879 24.439501 -0.164549 0.196082 0.966683 -0.000000 0.000000 0.000000 0.000000 1.000000
0.986183 0.051796 0.157352 -0.000000 -0.019176 0.979171 -0.202131 24.439501 -0.164544 0.196320 0.966635 0.000000 0.000000 0.000000 0.000000 1.000000
0.986183 0.051879 0.157326 0.000000 -0.019230 0.979129 -0.202330 24.439501 -0.164539 0.196509 0.966598 0.000000 0.000000 0.000000 0.000000 1.000000
0.986183 0.051931 0.157312 0.000000 -0.019254 0.979091 -0.202511 24.439501 -0.164539 0.196684 0.966562 0.000000 0.000000 0.000000 0.000000 1.000000
0.986182 0.051952 0.157306 -0.000000 -0.019263 0.979075 -0.202586 24.439501 -0.164539 0.196756 0.966547 0.000000 0.000000 0.000000 0.000000 1.000000</float_array>
        <technique_common>
          <accessor source="#mixamorig_Spine1-Matrix-animation-output-transform-array" count="60" stride="16">
            <param type="float4x4"/>
          </accessor>
        </technique_common>
      </source>
      <source id="mixamorig_Spine1-Interpolations">
        <Name_array id="mixamorig_Spine1-Interpolations-array" count="60">
 LINEAR LINEAR LINEAR LINEAR LINEAR LINEAR LINEAR LINEAR LINEAR LINEAR LINEAR
LINEAR LINEAR LINEAR LINEAR LINEAR LINEAR LINEAR LINEAR LINEAR LINEAR LINEAR LINEAR
LINEAR LINEAR LINEAR LINEAR LINEAR LINEAR LINEAR LINEAR LINEAR LINEAR LINEAR LINEAR
LINEAR LINEAR LINEAR LINEAR LINEAR LINEAR LINEAR LINEAR LINEAR LINEAR LINEAR LINEAR
LINEAR LINEAR LINEAR LINEAR LINEAR LINEAR LINEAR LINEAR LINEAR LINEAR LINEAR LINEAR
LINEAR</Name_array>
        <technique_common>
          <accessor source="#mixamorig_Spine1-Interpolations-array" count="60">
            <param type="name"/>
          </accessor>
        </technique_common>
      </source>
      <sampler id="mixamorig_Spine1-Matrix-animation-transform">
        <input semantic="INPUT" source="#mixamorig_Spine1-Matrix-animation-input"/>
        <input semantic="OUTPUT" source="#mixamorig_Spine1-Matrix-animation-output-transform"/>
        <input semantic="INTERPOLATION" source="#mixamorig_Spine1-Interpolations"/>
      </sampler>
      <channel source="#mixamorig_Spine1-Matrix-animation-transform" target="mixamorig_Spine1/matrix"/>
    </animation>
    <animation id="mixamorig_Spine2-anim" name="mixamorig_Spine2">
      <source id="mixamorig_Spine2-Matrix-animation-input">
        <float_array id="mixamorig_Spine2-Matrix-animation-input-array" count="60">

0.000000 0.033333 0.066667 0.100000 0.133333 0.166667 0.200000 0.233333 0.266667 0.300000 0.333333 0.366667 0.400000 0.433333 0.466667 0.500000
0.533333 0.566667 0.600000 0.633333 0.666667 0.700000 0.733333 0.766667 0.800000 0.833333 0.866667 0.900000 0.933333 0.966667 1.000000 1.033333
1.066667 1.100000 1.133333 1.166667 1.200000 1.233333 1.266667 1.300000 1.333333 1.366667 1.400000 1.433333 1.466667 1.500000 1.533333 1.566667
1.600000 1.633333 1.666667 1.700000 1.733333 1.766667 1.800000 1.833333 1.866667 1.900000 1.933333 1.966667</float_array>
        <technique_common>
          <accessor source="#mixamorig_Spine2-Matrix-animation-input-array" count="60">
            <param name="TIME" type="float"/>
          </accessor>
        </technique_common>
      </source>
      <source id="mixamorig_Spine2-Matrix-animation-output-transform">
        <float_array id="mixamorig_Spine2-Matrix-animation-output-transform-array" count="960">

0.986184 0.052143 0.157233 -0.000000 -0.019486 0.979093 -0.202478 27.930901 -0.164503 0.196617 0.966582 0.000000 0.000000 0.000000 0.000000 1.000000
0.986184 0.052114 0.157240 0.000000 -0.019473 0.979114 -0.202376 27.930901 -0.164503 0.196518 0.966602 0.000000 0.000000 0.000000 0.000000 1.000000
0.986185 0.052046 0.157258 0.000000 -0.019438 0.979159 -0.202161 27.930901 -0.164502 0.196312 0.966644 -0.000000 0.000000 0.000000 0.000000 1.000000
0.986204 0.051904 0.157187 -0.000000 -0.019368 0.979229 -0.201828 27.930901 -0.164398 0.196000 0.966725 0.000000 0.000000 0.000000 0.000000 1.000000
0.986247 0.051681 0.156988 -0.000000 -0.019264 0.979325 -0.201373 27.930901 -0.164149 0.195579 0.966852 -0.000000 0.000000 0.000000 0.000000 1.000000
0.986341 0.051291 0.156530 -0.000000 -0.019065 0.979446 -0.200805 27.930901 -0.163612 0.195078 0.967045 -0.000000 0.000000 0.000000 0.000000 1.000000
0.986435 0.050897 0.156060 0.000000 -0.018876 0.979581 -0.200164 27.930901 -0.163061 0.194503 0.967254 -0.000000 0.000000 0.000000 0.000000 1.000000
0.986492 0.050569 0.155810 -0.000000 -0.018723 0.979733 -0.199431 27.930901 -0.162737 0.193820 0.967445 -0.000000 0.000000 0.000000 0.000000 1.000000
0.986508 0.050301 0.155796 0.000000 -0.018602 0.979906 -0.198589 27.930901 -0.162654 0.193012 0.967621 0.000000 0.000000 0.000000 0.000000 1.000000
0.986494 0.050076 0.155956 0.000000 -0.018511 0.980105 -0.197615 27.930901 -0.162749 0.192060 0.967794 0.000000 0.000000 0.000000 0.000000 1.000000
0.986465 0.049866 0.156205 0.000000 -0.018425 0.980312 -0.196593 27.930901 -0.162933 0.191054 0.967962 0.000000 0.000000 0.000000 0.000000 1.000000
0.986433 0.049647 0.156476 0.000000 -0.018316 0.980506 -0.195632 27.930901 -0.163138 0.190112 0.968113 0.000000 0.000000 0.000000 0.000000 1.000000
0.986418 0.049379 0.156659 0.000000 -0.018159 0.980681 -0.194770 27.930901 -0.163250 0.189280 0.968258 -0.000000 0.000000 0.000000 0.000000 1.000000
0.986440 0.049034 0.156629 0.000000 -0.017958 0.980845 -0.193962 27.930901 -0.163139 0.188519 0.968425 0.000000 0.000000 0.000000 0.000000 1.000000
0.986502 0.048613 0.156367 0.000000 -0.017730 0.981013 -0.193131 27.930901 -0.162787 0.187752 0.968633 0.000000 0.000000 0.000000 0.000000 1.000000
0.986563 0.048186 0.156111 0.000000 -0.017507 0.981195 -0.192224 27.930901 -0.162438 0.186908 0.968855 0.000000 0.000000 0.000000 0.000000 1.000000
0.986587 0.047811 0.156077 0.000000 -0.017302 0.981387 -0.191257 27.930901 -0.162317 0.185992 0.969051 0.000000 0.000000 0.000000 0.000000 1.000000
0.986569 0.047534 0.156275 0.000000 -0.017150 0.981577 -0.190296 27.930901 -0.162441 0.185060 0.969209 0.000000 0.000000 0.000000 0.000000 1.000000
0.986537 0.047323 0.156544 0.000000 -0.017039 0.981752 -0.189400 27.930901 -0.162650 0.184183 0.969341 0.000000 0.000000 0.000000 0.000000 1.000000
0.986519 0.047115 0.156721 -0.000000 -0.016929 0.981904 -0.188624 27.930901 -0.162772 0.183427 0.969464 0.000000 0.000000 0.000000 0.000000 1.000000
0.986527 0.046889 0.156738 0.000000 -0.016819 0.982040 -0.187921 27.930901 -0.162735 0.182753 0.969597 0.000000 0.000000 0.000000 0.000000 1.000000
0.986550 0.046678 0.156653 0.000000 -0.016737 0.982168 -0.187256 27.930901 -0.162601 0.182116 0.969740 0.000000 0.000000 0.000000 0.000000 1.000000
0.986570 0.046503 0.156577 0.000000 -0.016685 0.982293 -0.186607 27.930901 -0.162482 0.181488 0.969877 0.000000 0.000000 0.000000 0.000000 1.000000
0.986578 0.046370 0.156571 0.000000 -0.016654 0.982407 -0.186007 27.930901 -0.162441 0.180902 0.969993 0.000000 0.000000 0.000000 0.000000 1.000000
