<?xml version="1.0" encoding="utf-8"?>
<COLLADA xmlns="http://www.collada.org/2005/11/COLLADASchema" version="1.4.1">
  <asset>
    <contributor>
      <author>Mixamo</author>
      <authoring_tool>COLLADA Mixamo exporter</authoring_tool>
      <comments/>
    </contributor>
    <created>2025-11-27T07:47:18Z</created>
    <modified>2025-11-27T07:47:18Z</modified>
    <revision/>
    <title/>
    <unit meter="0.010000"/>
    <up_axis>Y_UP</up_axis>
  </asset>
  <library_animations>
    <animation id="mixamorig_Hips-anim" name="mixamorig_Hips">
      <source id="mixamorig_Hips-Matrix-animation-input">
        <float_array id="mixamorig_Hips-Matrix-animation-input-array" count="34">

0.000000 0.033333 0.066667 0.100000 0.133333 0.166667 0.200000 0.233333 0.266667 0.300000 0.333333 0.366667 0.400000 0.433333 0.466667 0.500000
0.533333 0.566667 0.600000 0.633333 0.666667 0.700000 0.733333 0.766667 0.800000 0.833333 0.866667 0.900000 0.933333 0.966667 1.000000 1.033333
1.066667 1.100000</float_array>
        <technique_common>
          <accessor source="#mixamorig_Hips-Matrix-animation-input-array" count="34">
            <param name="TIME" type="float"/>
          </accessor>
        </technique_common>
      </source>
      <source id="mixamorig_Hips-Matrix-animation-output-transform">
        <float_array id="mixamorig_Hips-Matrix-animation-output-transform-array" count="544">

0.730133 0.053163 -0.681234 -1.694204 -0.000147 0.996981 0.077646 163.747864 0.683305 -0.056592 0.727936 1.769334 0.000000 0.000000 0.000000 1.000000
0.692979 0.026225 -0.720480 -0.492528 0.007894 0.999002 0.043955 160.658066 0.720914 -0.036147 0.692081 -0.901270 0.000000 0.000000 0.000000 1.000000
0.687132 0.011308 -0.726445 -0.246451 0.006513 0.999743 0.021722 156.886978 0.726504 -0.019658 0.686881 -3.809539 0.000000 0.000000 0.000000 1.000000
0.731113 0.010813 -0.682171 -1.583671 -0.001316 0.999895 0.014439 153.824051 0.682255 -0.009659 0.731050 -6.570914 0.000000 0.000000 0.000000 1.000000
0.823922 0.021449 -0.566297 -4.666487 -0.014077 0.999750 0.017384 152.301407 0.566528 -0.006351 0.824018 -8.738643 0.000000 0.000000 0.000000 1.000000
0.930635 0.033261 -0.364434 -8.595221 -0.029646 0.999440 0.015512 152.063889 0.364745 -0.003632 0.931100 -9.892683 0.000000 0.000000 0.000000 1.000000
0.994105 0.033494 -0.103121 -11.842498 -0.033824 0.999427 -0.001448 152.016190 0.103014 0.004928 0.994668 -10.102178 0.000000 0.000000 0.000000 1.000000
0.990921 0.015708 0.133521 -13.560407 -0.013151 0.999713 -0.020012 151.166702 -0.133797 0.018075 0.990844 -10.245773 0.000000 0.000000 0.000000 1.000000
0.962323 -0.010777 0.271694 -14.229227 0.018711 0.999470 -0.026628 149.188080 -0.271263 0.030708 0.962015 -10.904654 0.000000 0.000000 0.000000 1.000000
0.943158 -0.033232 0.330679 -14.864510 0.047713 0.998220 -0.035769 146.559158 -0.328901 0.049514 0.943065 -11.467734 0.000000 0.000000 0.000000 1.000000
0.916953 -0.041946 0.396784 -15.857587 0.075424 0.994752 -0.069142 143.971252 -0.391801 0.093327 0.915304 -10.461348 0.000000 0.000000 0.000000 1.000000
0.856254 -0.035186 0.515355 -17.025349 0.113091 0.986243 -0.120561 141.869568 -0.504023 0.161513 0.848454 -7.426854 0.000000 0.000000 0.000000 1.000000
0.766858 -0.019877 0.641509 -18.035601 0.158356 0.974479 -0.159105 140.288025 -0.621974 0.223597 0.750435 -3.638988 0.000000 0.000000 0.000000 1.000000
0.691524 -0.005557 0.722332 -18.760410 0.188736 0.966625 -0.173249 139.077484 -0.697261 0.256136 0.669493 -0.490129 0.000000 0.000000 0.000000 1.000000
0.656099 0.002837 0.754669 -19.408728 0.196285 0.964935 -0.174275 138.288361 -0.728701 0.262472 0.632537 1.467812 0.000000 0.000000 0.000000 1.000000
0.654328 0.006405 0.756184 -20.161402 0.186314 0.967773 -0.169416 138.097946 -0.732900 0.251742 0.632048 2.400615 0.000000 0.000000 0.000000 1.000000
0.673387 0.007277 0.739254 -20.835218 0.163005 0.973881 -0.158068 138.545807 -0.721096 0.226943 0.654612 2.582776 0.000000 0.000000 0.000000 1.000000
0.706763 0.009374 0.707388 -21.001501 0.128073 0.981695 -0.140968 139.508301 -0.695761 0.190228 0.692625 2.222342 0.000000 0.000000 0.000000 1.000000
0.751828 0.017078 0.659138 -20.400053 0.085364 0.988730 -0.122986 140.891113 -0.653810 0.148731 0.741897 1.502631 0.000000 0.000000 0.000000 1.000000
0.806359 0.029407 0.590695 -19.052231 0.042158 0.993364 -0.107004 142.622849 -0.589922 0.111186 0.799768 0.559204 0.000000 0.000000 0.000000 1.000000
0.867697 0.039479 0.495524 -17.094046 0.005586 0.996004 -0.089134 144.607803 -0.497063 0.080110 0.864009 -0.474106 0.000000 0.000000 0.000000 1.000000
0.929061 0.044150 0.367283 -14.621572 -0.022011 0.997691 -0.064252 146.790680 -0.369271 0.051610 0.927887 -1.437844 0.000000 0.000000 0.000000 1.000000
0.976396 0.049079 0.210338 -11.745043 -0.042651 0.998477 -0.034993 149.151642 -0.211735 0.025195 0.977002 -2.192563 0.000000 0.000000 0.000000 1.000000
0.997179 0.060952 0.043814 -8.727729 -0.060576 0.998115 -0.009878 151.687485 -0.044333 0.007196 0.998991 -2.580522 0.000000 0.000000 0.000000 1.000000
0.990765 0.075608 -0.112553 -6.007031 -0.075362 0.997135 0.006440 154.410995 0.112717 0.002101 0.993625 -2.455857 0.000000 0.000000 0.000000 1.000000
0.964348 0.079659 -0.252365 -4.016505 -0.078444 0.996807 0.014890 157.160507 0.252746 0.005438 0.967517 -1.826031 0.000000 0.000000 0.000000 1.000000
0.923488 0.068052 -0.377543 -2.909649 -0.065932 0.997652 0.018553 159.530319 0.377919 0.007759 0.925806 -0.897292 0.000000 0.000000 0.000000 1.000000
0.872805 0.049928 -0.485509 -2.450439 -0.044425 0.998752 0.022845 161.166626 0.486043 0.001629 0.873933 -0.019031 0.000000 0.000000 0.000000 1.000000
0.822784 0.037835 -0.567094 -2.208184 -0.023983 0.999204 0.031868 162.121841 0.567848 -0.012620 0.823036 0.630373 0.000000 0.000000 0.000000 1.000000
0.784917 0.034013 -0.618666 -1.902631 -0.010095 0.999062 0.042119 162.676193 0.619518 -0.026814 0.784524 1.058274 0.000000 0.000000 0.000000 1.000000
0.760899 0.037494 -0.647787 -1.576987 -0.007446 0.998768 0.049063 163.087692 0.648828 -0.032508 0.760240 1.429450 0.000000 0.000000 0.000000 1.000000
0.745397 0.044865 -0.665109 -1.402986 -0.010448 0.998396 0.055638 163.425232 0.666539 -0.034524 0.744671 1.698489 0.000000 0.000000 0.000000 1.000000
0.735041 0.051378 -0.676073 -1.463043 -0.009282 0.997794 0.065736 163.651382 0.677959 -0.042043 0.733896 1.795504 0.000000 0.000000 0.000000 1.000000
0.730144 0.053082 -0.681229 -1.696729 -0.000041 0.996981 0.077642 163.753510 0.683294 -0.056662 0.727942 1.766953 0.000000 0.000000 0.000000 1.000000</float_array>
        <technique_common>
          <accessor source="#mixamorig_Hips-Matrix-animation-output-transform-array" count="34" stride="16">
            <param type="float4x4"/>
          </accessor>
        </technique_common>
      </source>
      <source id="mixamorig_Hips-Interpolations">
        <Name_array id="mixamorig_Hips-Interpolations-array" count="34">
 LINEAR LINEAR LINEAR LINEAR LINEAR LINEAR LINEAR LINEAR LINEAR LINEAR LINEAR
LINEAR LINEAR LINEAR LINEAR LINEAR LINEAR LINEAR LINEAR LINEAR LINEAR LINEAR LINEAR
LINEAR LINEAR LINEAR LINEAR LINEAR LINEAR LINEAR LINEAR LINEAR LINEAR LINEAR</Name_array>
        <technique_common>
          <accessor source="#mixamorig_Hips-Interpolations-array" count="34">
            <param type="name"/>
          </accessor>
        </technique_common>
      </source>
      <sampler id="mixamorig_Hips-Matrix-animation-transform">
        <input semantic="INPUT" source="#mixamorig_Hips-Matrix-animation-input"/>
        <input semantic="OUTPUT" source="#mixamorig_Hips-Matrix-animation-output-transform"/>
        <input semantic="INTERPOLATION" source="#mixamorig_Hips-Interpolations"/>
      </sampler>
      <channel source="#mixamorig_Hips-Matrix-animation-transform" target="mixamorig_Hips/matrix"/>
    </animation>
    <animation id="mixamorig_Spine-anim" name="mixamorig_Spine">
      <source id="mixamorig_Spine-Matrix-animation-input">
        <float_array id="mixamorig_Spine-Matrix-animation-input-array" count="34">

0.000000 0.033333 0.066667 0.100000 0.133333 0.166667 0.200000 0.233333 0.266667 0.300000 0.333333 0.366667 0.400000 0.433333 0.466667 0.500000
0.533333 0.566667 0.600000 0.633333 0.666667 0.700000 0.733333 0.766667 0.800000 0.833333 0.866667 0.900000 0.933333 0.966667 1.000000 1.033333
1.066667 1.100000</float_array>
        <technique_common>
          <accessor source="#mixamorig_Spine-Matrix-animation-input-array" count="34">
            <param name="TIME" type="float"/>
          </accessor>
        </technique_common>
      </source>
      <source id="mixamorig_Spine-Matrix-animation-output-transform">
        <float_array id="mixamorig_Spine-Matrix-animation-output-transform-array" count="544">

0.996646 0.018446 0.079723 0.000000 -0.010806 0.995397 -0.095224 20.947800 -0.081113 0.094043 0.992258 -0.126600 0.000000 0.000000 0.000000 1.000000
0.997780 0.016921 0.064414 0.000000 -0.010906 0.995642 -0.092621 20.947800 -0.065700 0.091713 0.993616 -0.126600 0.000000 0.000000 0.000000 1.000000
0.998673 0.018035 0.048242 0.000000 -0.013523 0.995641 -0.092281 20.947800 -0.049696 0.091506 0.994564 -0.126600 0.000000 0.000000 0.000000 1.000000
0.999148 0.024655 0.033101 0.000000 -0.021509 0.995504 -0.092244 20.947800 -0.035226 0.091454 0.995186 -0.126600 0.000000 0.000000 0.000000 1.000000
0.999226 0.033594 0.020484 0.000000 -0.031547 0.995150 -0.093175 20.947800 -0.023515 0.092457 0.995439 -0.126600 0.000000 0.000000 0.000000 1.000000
0.998969 0.043340 0.013495 0.000000 -0.041790 0.994179 -0.099311 20.947800 -0.017721 0.098644 0.994965 -0.126600 0.000000 0.000000 0.000000 1.000000
0.998695 0.047245 0.019401 -0.000000 -0.044907 0.993239 -0.107046 20.947800 -0.024327 0.106035 0.994065 -0.126600 0.000000 0.000000 0.000000 1.000000
0.997897 0.053988 0.035871 0.000000 -0.049581 0.992234 -0.114073 20.947800 -0.041751 0.112055 0.992825 -0.126600 0.000000 0.000000 0.000000 1.000000
0.996865 0.058045 0.053768 0.000000 -0.051754 0.992384 -0.111787 20.947800 -0.059847 0.108654 0.992276 -0.126600 0.000000 0.000000 0.000000 1.000000
0.997125 0.058129 0.048607 -0.000000 -0.052745 0.993016 -0.105532 20.947800 -0.054402 0.102664 0.993227 -0.126600 0.000000 0.000000 0.000000 1.000000
0.996797 0.056805 0.056302 0.000000 -0.051062 0.993811 -0.098653 20.947800 -0.061557 0.095462 0.993528 -0.126600 0.000000 0.000000 0.000000 1.000000
0.995410 0.059025 0.075339 -0.000000 -0.052220 0.994635 -0.089300 20.947800 -0.080205 0.084956 0.993151 -0.126600 0.000000 0.000000 0.000000 1.000000
0.994907 0.060831 0.080370 -0.000000 -0.054087 0.995032 -0.083578 20.947800 -0.085055 0.078805 0.993255 -0.126600 0.000000 0.000000 0.000000 1.000000
0.994854 0.061867 0.080236 0.000000 -0.055201 0.995037 -0.082787 20.947800 -0.084959 0.077932 0.993332 -0.126600 0.000000 0.000000 0.000000 1.000000
0.994507 0.064895 0.082121 0.000000 -0.057931 0.994737 -0.084516 20.947800 -0.087173 0.079295 0.993032 -0.126600 0.000000 0.000000 0.000000 1.000000
0.994331 0.068246 0.081533 0.000000 -0.061003 0.994228 -0.088253 20.947800 -0.087086 0.082779 0.992756 -0.126600 0.000000 0.000000 0.000000 1.000000
0.994474 0.070815 0.077507 -0.000000 -0.063391 0.993516 -0.094383 20.947800 -0.083688 0.088948 0.992514 -0.126600 0.000000 0.000000 0.000000 1.000000
0.994578 0.069482 0.077371 0.000000 -0.061454 0.992915 -0.101703 20.947800 -0.083890 0.096397 0.991801 -0.126600 0.000000 0.000000 0.000000 1.000000
0.994834 0.065216 0.077794 0.000000 -0.056710 0.992647 -0.106939 20.947800 -0.084197 0.101975 0.991217 -0.126600 0.000000 0.000000 0.000000 1.000000
0.995152 0.060299 0.077690 0.000000 -0.051635 0.992692 -0.109074 20.947800 -0.083700 0.104534 0.990993 -0.126600 0.000000 0.000000 0.000000 1.000000
0.995518 0.057970 0.074723 -0.000000 -0.049352 0.992434 -0.112420 20.947800 -0.080675 0.108228 0.990847 -0.126600 0.000000 0.000000 0.000000 1.000000
0.996268 0.056269 0.065447 0.000000 -0.048465 0.992152 -0.115261 20.947800 -0.071419 0.111659 0.991177 -0.126600 0.000000 0.000000 0.000000 1.000000
0.997012 0.053126 0.056078 0.000000 -0.046367 0.992210 -0.115624 20.947800 -0.061784 0.112678 0.991709 -0.126600 0.000000 0.000000 0.000000 1.000000
0.997621 0.048693 0.048800 0.000000 -0.042771 0.992351 -0.115799 20.947800 -0.054065 0.113436 0.992073 -0.126600 0.000000 0.000000 0.000000 1.000000
0.998329 0.035937 0.045256 0.000000 -0.030746 0.993390 -0.110592 20.947800 -0.048932 0.109016 0.992835 -0.126600 0.000000 0.000000 0.000000 1.000000
0.998683 0.026856 0.043722 0.000000 -0.022118 0.994177 -0.105468 20.947800 -0.046300 0.104362 0.993461 -0.126600 0.000000 0.000000 0.000000 1.000000
0.998532 0.025647 0.047702 0.000000 -0.020682 0.994589 -0.101807 20.947800 -0.050054 0.100671 0.993660 -0.126600 0.000000 0.000000 0.000000 1.000000
0.998229 0.029413 0.051710 0.000000 -0.024265 0.994939 -0.097508 20.947800 -0.054316 0.096081 0.993890 -0.126600 0.000000 0.000000 0.000000 1.000000
0.997898 0.029581 0.057652 0.000000 -0.023989 0.995152 -0.095382 20.947800 -0.060194 0.093798 0.993770 -0.126600 0.000000 0.000000 0.000000 1.000000
0.997795 0.027994 0.060172 -0.000000 -0.022328 0.995429 -0.092854 20.947800 -0.062497 0.091306 0.993860 -0.126600 0.000000 0.000000 0.000000 1.000000
0.997782 0.022708 0.062575 -0.000000 -0.017052 0.995843 -0.089479 20.947800 -0.064347 0.088214 0.994021 -0.126600 0.000000 0.000000 0.000000 1.000000
0.997753 0.017155 0.064765 0.000000 -0.011285 0.995883 -0.089943 20.947800 -0.066041 0.089010 0.993839 -0.126600 0.000000 0.000000 0.000000 1.000000
0.997446 0.015775 0.069659 0.000000 -0.009315 0.995705 -0.092112 20.947800 -0.070813 0.091228 0.993309 -0.126600 0.000000 0.000000 0.000000 1.000000
0.996646 0.018552 0.079705 -0.000000 -0.010913 0.995396 -0.095229 20.947800 -0.081104 0.094039 0.992259 -0.126600 0.000000 0.000000 0.000000 1.000000</float_array>
        <technique_common>
          <accessor source="#mixamorig_Spine-Matrix-animation-output-transform-array" count="34" stride="16">
            <param type="float4x4"/>
          </accessor>
        </technique_common>
      </source>
      <source id="mixamorig_Spine-Interpolations">
        <Name_array id="mixamorig_Spine-Interpolations-array" count="34">
 LINEAR LINEAR LINEAR LINEAR LINEAR LINEAR LINEAR LINEAR LINEAR LINEAR LINEAR
LINEAR LINEAR LINEAR LINEAR LINEAR LINEAR LINEAR LINEAR LINEAR LINEAR LINEAR LINEAR
LINEAR LINEAR LINEAR LINEAR LINEAR LINEAR LINEAR LINEAR LINEAR LINEAR LINEAR</Name_array>
        <technique_common>
          <accessor source="#mixamorig_Spine-Interpolations-array" count="34">
            <param type="name"/>
          </accessor>
        </technique_common>
      </source>
      <sampler id="mixamorig_Spine-Matrix-animation-transform">
        <input semantic="INPUT" source="#mixamorig_Spine-Matrix-animation-input"/>
        <input semantic="OUTPUT" source="#mixamorig_Spine-Matrix-animation-output-transform"/>
        <input semantic="INTERPOLATION" source="#mixamorig_Spine-Interpolations"/>
      </sampler>
      <channel source="#mixamorig_Spine-Matrix-animation-transform" target="mixamorig_Spine/matrix"/>
    </animation>
    <animation id="mixamorig_Spine1-anim" name="mixamorig_Spine1">
      <source id="mixamorig_Spine1-Matrix-animation-input">
        <float_array id="mixamorig_Spine1-Matrix-animation-input-array" count="34">

0.000000 0.033333 0.066667 0.100000 0.133333 0.166667 0.200000 0.233333 0.266667 0.300000 0.333333 0.366667 0.400000 0.433333 0.466667 0.500000
0.533333 0.566667 0.600000 0.633333 0.666667 0.700000 0.733333 0.766667 0.800000 0.833333 0.866667 0.900000 0.933333 0.966667 1.000000 1.033333
1.066667 1.100000</float_array>
        <technique_common>
          <accessor source="#mixamorig_Spine1-Matrix-animation-input-array" count="34">
            <param name="TIME" type="float"/>
          </accessor>
        </technique_common>
      </source>
      <source id="mixamorig_Spine1-Matrix-animation-output-transform">
        <float_array id="mixamorig_Spine1-Matrix-animation-output-transform-array" count="544">

0.986155 0.052181 0.157401 0.000000 -0.019486 0.979089 -0.202498 24.439501 -0.164676 0.196628 0.966550 0.000000 0.000000 0.000000 0.000000 1.000000
0.990940 0.044933 0.126565 0.000000 -0.019279 0.980205 -0.197046 24.439501 -0.132913 0.192820 0.972190 0.000000 0.000000 0.000000 0.000000 1.000000
0.994581 0.044673 0.093879 0.000000 -0.025501 0.980215 -0.196286 24.439501 -0.100791 0.192828 0.976042 0.000000 0.000000 0.000000 0.000000 1.000000
0.996442 0.055679 0.063274 0.000000 -0.042280 0.979645 -0.196233 24.439501 -0.072912 0.192859 0.978514 0.000000 0.000000 0.000000 0.000000 1.000000
0.996838 0.069033 0.039345 0.000000 -0.059939 0.978367 -0.198002 24.439501 -0.052163 0.195018 0.979412 0.000000 0.000000 0.000000 0.000000 1.000000
0.996045 0.084128 0.028596 -0.000000 -0.076293 0.974694 -0.210122 24.439501 -0.045549 0.207109 0.977257 0.000000 0.000000 0.000000 0.000000 1.000000
0.994802 0.091535 0.044613 0.000000 -0.079225 0.970983 -0.225643 24.439501 -0.063973 0.220936 0.973188 0.000000 0.000000 0.000000 0.000000 1.000000
0.991112 0.105347 0.081236 0.000000 -0.083125 0.967184 -0.240096 24.439501 -0.103864 0.231209 0.967344 0.000000 0.000000 0.000000 0.000000 1.000000
0.986355 0.113140 0.119597 -0.000000 -0.082420 0.968206 -0.236187 24.439501 -0.142517 0.223107 0.964320 -0.000000 0.000000 0.000000 0.000000 1.000000
0.987613 0.110909 0.110998 -0.000000 -0.083890 0.971014 -0.223818 24.439501 -0.132604 0.211734 0.968290 0.000000 0.000000 0.000000 0.000000 1.000000
0.985805 0.111512 0.125511 0.000000 -0.083368 0.974016 -0.210578 24.439501 -0.145732 0.197125 0.969486 0.000000 0.000000 0.000000 0.000000 1.000000
0.979170 0.121167 0.162924 -0.000000 -0.088774 0.977140 -0.193175 24.439501 -0.182606 0.174687 0.967543 0.000000 0.000000 0.000000 0.000000 1.000000
0.976452 0.126923 0.174450 0.000000 -0.094608 0.978648 -0.182476 24.439501 -0.193885 0.161674 0.967610 -0.000000 0.000000 0.000000 0.000000 1.000000
0.975925 0.130763 0.174562 0.000000 -0.098697 0.978483 -0.181188 24.439501 -0.194499 0.159597 0.967832 -0.000000 0.000000 0.000000 0.000000 1.000000
0.974452 0.137718 0.177417 -0.000000 -0.104426 0.977180 -0.184971 24.439501 -0.198843 0.161718 0.966597 0.000000 0.000000 0.000000 0.000000 1.000000
0.973849 0.144983 0.174926 -0.000000 -0.110567 0.975032 -0.192579 24.439501 -0.198479 0.168202 0.965564 0.000000 0.000000 0.000000 0.000000 1.000000
0.974612 0.150700 0.165592 0.000000 -0.115527 0.971997 -0.204634 24.439501 -0.191793 0.180308 0.964730 0.000000 0.000000 0.000000 0.000000 1.000000
0.975108 0.149211 0.164011 -0.000000 -0.111523 0.969365 -0.218847 24.439501 -0.191641 0.195108 0.961876 0.000000 0.000000 0.000000 0.000000 1.000000
0.976203 0.142243 0.163693 0.000000 -0.102689 0.968044 -0.228793 24.439501 -0.191006 0.206539 0.959614 -0.000000 0.000000 0.000000 0.000000 1.000000
0.977590 0.134152 0.162234 0.000000 -0.094223 0.967983 -0.232660 24.439501 -0.188252 0.212160 0.958931 -0.000000 0.000000 0.000000 0.000000 1.000000
0.979394 0.130251 0.154341 0.000000 -0.090921 0.966773 -0.238923 24.439501 -0.180332 0.219967 0.958694 0.000000 0.000000 0.000000 0.000000 1.000000
0.982919 0.126613 0.133563 0.000000 -0.091211 0.965477 -0.243996 24.439501 -0.159845 0.227646 0.960535 0.000000 0.000000 0.000000 0.000000 1.000000
0.986289 0.120439 0.112817 0.000000 -0.089977 0.965549 -0.244170 24.439501 -0.138338 0.230671 0.963148 -0.000000 0.000000 0.000000 0.000000 1.000000
0.988983 0.112258 0.096488 -0.000000 -0.085839 0.965966 -0.244010 24.439501 -0.120596 0.233039 0.964961 0.000000 0.000000 0.000000 0.000000 1.000000
0.992111 0.087868 0.089410 -0.000000 -0.064919 0.970265 -0.233177 24.439501 -0.107240 0.225533 0.968315 0.000000 0.000000 0.000000 0.000000 1.000000
0.993798 0.069727 0.086622 0.000000 -0.048901 0.973655 -0.222722 24.439501 -0.099870 0.217104 0.971026 0.000000 0.000000 0.000000 0.000000 1.000000
0.993301 0.066704 0.094356 -0.000000 -0.045028 0.975450 -0.215568 24.439501 -0.106418 0.209875 0.971920 0.000000 0.000000 0.000000 0.000000 1.000000
0.992100 0.073400 0.101737 0.000000 -0.051011 0.976929 -0.207381 24.439501 -0.114612 0.200553 0.972956 0.000000 0.000000 0.000000 0.000000 1.000000
0.990759 0.074748 0.113176 -0.000000 -0.050536 0.977792 -0.203395 24.439501 -0.125866 0.195796 0.972534 -0.000000 0.000000 0.000000 0.000000 1.000000
0.990519 0.070025 0.118189 0.000000 -0.045553 0.979079 -0.198315 24.439501 -0.129603 0.191051 0.972986 0.000000 0.000000 0.000000 0.000000 1.000000
0.990621 0.058746 0.123363 0.000000 -0.034339 0.980917 -0.191370 24.439501 -0.132251 0.185339 0.973735 0.000000 0.000000 0.000000 0.000000 1.000000
0.990594 0.048158 0.128082 0.000000 -0.022876 0.981133 -0.191974 24.439501 -0.134911 0.187238 0.973006 0.000000 0.000000 0.000000 0.000000 1.000000
0.989385 0.046099 0.137814 0.000000 -0.018353 0.980395 -0.196183 24.439501 -0.144156 0.191572 0.970834 -0.000000 0.000000 0.000000 0.000000 1.000000
0.986155 0.052181 0.157401 0.000000 -0.019486 0.979089 -0.202498 24.439501 -0.164676 0.196628 0.966550 0.000000 0.000000 0.000000 0.000000 1.000000</float_array>
        <technique_common>
          <accessor source="#mixamorig_Spine1-Matrix-animation-output-transform-array" count="34" stride="16">
            <param type="float4x4"/>
          </accessor>
        </technique_common>
      </source>
      <source id="mixamorig_Spine1-Interpolations">
        <Name_array id="mixamorig_Spine1-Interpolations-array" count="34">
 LINEAR LINEAR LINEAR LINEAR LINEAR LINEAR LINEAR LINEAR LINEAR LINEAR LINEAR
LINEAR LINEAR LINEAR LINEAR LINEAR LINEAR LINEAR LINEAR LINEAR LINEAR LINEAR LINEAR
LINEAR LINEAR LINEAR LINEAR LINEAR LINEAR LINEAR LINEAR LINEAR LINEAR LINEAR</Name_array>
        <technique_common>
          <accessor source="#mixamorig_Spine1-Interpolations-array" count="34">
            <param type="name"/>
          </accessor>
        </technique_common>
      </source>
      <sampler id="mixamorig_Spine1-Matrix-animation-transform">
        <input semantic="INPUT" source="#mixamorig_Spine1-Matrix-animation-input"/>
        <input semantic="OUTPUT" source="#mixamorig_Spine1-Matrix-animation-output-transform"/>
        <input semantic="INTERPOLATION" source="#mixamorig_Spine1-Interpolations"/>
      </sampler>
      <channel source="#mixamorig_Spine1-Matrix-animation-transform" target="mixamorig_Spine1/matrix"/>
    </animation>
    <animation id="mixamorig_Spine2-anim" name="mixamorig_Spine2">
      <source id="mixamorig_Spine2-Matrix-animation-input">
        <float_array id="mixamorig_Spine2-Matrix-animation-input-array" count="34">

0.000000 0.033333 0.066667 0.100000 0.133333 0.166667 0.200000 0.233333 0.266667 0.300000 0.333333 0.366667 0.400000 0.433333 0.466667 0.500000
0.533333 0.566667 0.600000 0.633333 0.666667 0.700000 0.733333 0.766667 0.800000 0.833333 0.866667 0.900000 0.933333 0.966667 1.000000 1.033333
1.066667 1.100000</float_array>
        <technique_common>
          <accessor source="#mixamorig_Spine2-Matrix-animation-input-array" count="34">
            <param name="TIME" type="float"/>
          </accessor>
        </technique_common>
      </source>
      <source id="mixamorig_Spine2-Matrix-animation-output-transform">
        <float_array id="mixamorig_Spine2-Matrix-animation-output-transform-array" count="544">

0.986155 0.052181 0.157401 -0.000000 -0.019486 0.979089 -0.202498 27.930901 -0.164676 0.196628 0.966550 0.000000 0.000000 0.000000 0.000000 1.000000
0.990940 0.044933 0.126565 0.000000 -0.019279 0.980205 -0.197046 27.930901 -0.132914 0.192820 0.972190 0.000000 0.000000 0.000000 0.000000 1.000000
0.994581 0.044673 0.093879 0.000000 -0.025500 0.980215 -0.196286 27.930901 -0.100791 0.192828 0.976042 0.000000 0.000000 0.000000 0.000000 1.000000
0.996442 0.055679 0.063274 0.000000 -0.042280 0.979645 -0.196233 27.930901 -0.072912 0.192859 0.978514 0.000000 0.000000 0.000000 0.000000 1.000000
0.996838 0.069033 0.039345 0.000000 -0.059939 0.978367 -0.198002 27.930901 -0.052163 0.195018 0.979412 0.000000 0.000000 0.000000 0.000000 1.000000
0.996045 0.084129 0.028596 0.000000 -0.076293 0.974694 -0.210122 27.930901 -0.045549 0.207109 0.977257 0.000000 0.000000 0.000000 0.000000 1.000000
0.994802 0.091535 0.044613 0.000000 -0.079225 0.970983 -0.225643 27.930901 -0.063973 0.220935 0.973188 -0.000000 0.000000 0.000000 0.000000 1.000000
0.991112 0.105347 0.081236 0.000000 -0.083125 0.967184 -0.240096 27.930901 -0.103864 0.231209 0.967344 0.000000 0.000000 0.000000 0.000000 1.000000
0.986355 0.113140 0.119597 0.000000 -0.082420 0.968206 -0.236187 27.930901 -0.142517 0.223107 0.964320 0.000000 0.000000 0.000000 0.000000 1.000000
0.987613 0.110909 0.110998 0.000000 -0.083890 0.971014 -0.223818 27.930901 -0.132604 0.211734 0.968290 -0.000000 0.000000 0.000000 0.000000 1.000000
0.985805 0.111512 0.125511 -0.000000 -0.083368 0.974016 -0.210578 27.930901 -0.145732 0.197125 0.969486 -0.000000 0.000000 0.000000 0.000000 1.000000
0.979170 0.121167 0.162924 -0.000000 -0.088774 0.977140 -0.193174 27.930901 -0.182606 0.174687 0.967543 0.000000 0.000000 0.000000 0.000000 1.000000
0.976452 0.126923 0.174450 0.000000 -0.094608 0.978648 -0.182476 27.930901 -0.193885 0.161674 0.967610 -0.000000 0.000000 0.000000 0.000000 1.000000
0.975925 0.130763 0.174562 -0.000000 -0.098697 0.978483 -0.181188 27.930901 -0.194499 0.159597 0.967832 0.000000 0.000000 0.000000 0.000000 1.000000
0.974452 0.137718 0.177418 0.000000 -0.104426 0.977180 -0.184971 27.930901 -0.198843 0.161718 0.966597 0.000000 0.000000 0.000000 0.000000 1.000000
0.973848 0.144983 0.174926 0.000000 -0.110568 0.975032 -0.192579 27.930901 -0.198479 0.168202 0.965564 -0.000000 0.000000 0.000000 0.000000 1.000000
0.974612 0.150700 0.165592 -0.000000 -0.115527 0.971997 -0.204634 27.930901 -0.191793 0.180308 0.964730 0.000000 0.000000 0.000000 0.000000 1.000000
0.975108 0.149211 0.164011 -0.000000 -0.111523 0.969365 -0.218847 27.930901 -0.191641 0.195108 0.961877 0.000000 0.000000 0.000000 0.000000 1.000000
0.976203 0.142243 0.163693 0.000000 -0.102689 0.968044 -0.228794 27.930901 -0.191006 0.206539 0.959614 0.000000 0.000000 0.000000 0.000000 1.000000
0.977590 0.134153 0.162235 0.000000 -0.094224 0.967983 -0.232660 27.930901 -0.188252 0.212160 0.958931 0.000000 0.000000 0.000000 0.000000 1.000000
0.979395 0.130251 0.154341 0.000000 -0.090921 0.966773 -0.238923 27.930901 -0.180332 0.219967 0.958694 0.000000 0.000000 0.000000 0.000000 1.000000
0.982919 0.126612 0.133563 0.000000 -0.091211 0.965477 -0.243996 27.930901 -0.159845 0.227646 0.960535 -0.000000 0.000000 0.000000 0.000000 1.000000
0.986289 0.120439 0.112817 -0.000000 -0.089977 0.965549 -0.244170 27.930901 -0.138338 0.230671 0.963148 0.000000 0.000000 0.000000 0.000000 1.000000
0.988983 0.112258 0.096488 0.000000 -0.085839 0.965966 -0.244010 27.930901 -0.120596 0.233039 0.964961 0.000000 0.000000 0.000000 0.000000 1.000000
0.992111 0.087868 0.089410 0.000000 -0.064919 0.970265 -0.233177 27.930901 -0.107240 0.225533 0.968315 0.000000 0.000000 0.000000 0.000000 1.000000
0.993798 0.069727 0.086622 -0.000000 -0.048901 0.973655 -0.222722 27.930901 -0.099870 0.217104 0.971026 0.000000 0.000000 0.000000 0.000000 1.000000
0.993301 0.066704 0.094356 0.000000 -0.045028 0.975450 -0.215568 27.930901 -0.106418 0.209875 0.971920 -0.000000 0.000000 0.000000 0.000000 1.000000
0.992100 0.073400 0.101737 0.000000 -0.051011 0.976929 -0.207381 27.930901 -0.114612 0.200553 0.972956 -0.000000 0.000000 0.000000 0.000000 1.000000
0.990759 0.074748 0.113176 -0.000000 -0.050536 0.977792 -0.203395 27.930901 -0.125866 0.195796 0.972534 0.000000 0.000000 0.000000 0.000000 1.000000
0.990519 0.070025 0.118189 0.000000 -0.045553 0.979079 -0.198315 27.930901 -0.129604 0.191051 0.972986 0.000000 0.000000 0.000000 0.000000 1.000000
0.990621 0.058746 0.123363 0.000000 -0.034339 0.980917 -0.191370 27.930901 -0.132251 0.185339 0.973735 0.000000 0.000000 0.000000 0.000000 1.000000
0.990594 0.048158 0.128082 0.000000 -0.022876 0.981133 -0.191974 27.930901 -0.134911 0.187238 0.973006 -0.000000 0.000000 0.000000 0.000000 1.000000
0.989385 0.046099 0.137814 0.000000 -0.018353 0.980395 -0.196183 27.930901 -0.144156 0.191571 0.970834 -0.000000 0.000000 0.000000 0.000000 1.000000
0.986155 0.052181 0.157401 -0.000000 -0.019486 0.979089 -0.202498 27.930901 -0.164676 0.196628 0.966550 0.000000 0.000000 0.000000 0.000000 1.000000</float_array>
        <technique_common>
          <accessor source="#mixamorig_Spine2-Matrix-animation-output-transform-array" count="34" stride="16">
            <param type="float4x4"/>
          </accessor>
        </technique_common>
      </source>
      <source id="mixamorig_Spine2-Interpolations">
        <Name_array id="mixamorig_Spine2-Interpolations-array" count="34">
 LINEAR LINEAR LINEAR LINEAR LINEAR LINEAR LINEAR LINEAR LINEAR LINEAR LINEAR
LINEAR LINEAR LINEAR LINEAR LINEAR LINEAR LINEAR LINEAR LINEAR LINEAR LINEAR LINEAR
LINEAR LINEAR LINEAR LINEAR LINEAR LINEAR LINEAR LINEAR LINEAR LINEAR LINEAR</Name_array>
        <technique_common>
          <accessor source="#mixamorig_Spine2-Interpolations-array" count="34">
            <param type="name"/>
          </accessor>
        </technique_common>
      </source>
      <sampler id="mixamorig_Spine2-Matrix-animation-transform">
        <input semantic="INPUT" source="#mixamorig_Spine2-Matrix-animation-input"/>
        <input semantic="OUTPUT" source="#mixamorig_Spine2-Matrix-animation-output-transform"/>
        <input semantic="INTERPOLATION" source="#mixamorig_Spine2-Interpolations"/>
      </sampler>
      <channel source="#mixamorig_Spine2-Matrix-animation-transform" target="mixamorig_Spine2/matrix"/>
    </animation>
    <animation id="mixamorig_Neck-anim" name="mixamorig_Neck">
      <source id="mixamorig_Neck-Matrix-animation-input">
        <float_array id="mixamorig_Neck-Matrix-animation-input-array" count="34">

0.000000 0.033333 0.066667 0.100000 0.133333 0.166667 0.200000 0.233333 0.266667 0.300000 0.333333 0.366667 0.400000 0.433333 0.466667 0.500000
0.533333 0.566667 0.600000 0.633333 0.666667 0.700000 0.733333 0.766667 0.800000 0.833333 0.866667 0.900000 0.933333 0.966667 1.000000 1.033333
1.066667 1.100000</float_array>
        <technique_common>
          <accessor source="#mixamorig_Neck-Matrix-animation-input-array" count="34">
            <param name="TIME" type="float"/>
          </accessor>
        </technique_common>
      </source>
      <source id="mixamorig_Neck-Matrix-animation-output-transform">
        <float_array id="mixamorig_Neck-Matrix-animation-output-transform-array" count="544">

0.999747 -0.003600 -0.022215 0.000000 0.005125 0.997604 0.068988 31.422300 0.021914 -0.069084 0.997370 -0.000000 0.000000 0.000000 0.000000 1.000000
0.999577 0.028880 -0.003301 0.000000 -0.028405 0.994571 0.100108 31.422300 0.006174 -0.099972 0.994971 -0.000000 0.000000 0.000000 0.000000 1.000000
0.993796 0.110038 0.016135 0.000000 -0.111155 0.987508 0.111681 31.422300 -0.003644 -0.112782 0.993613 0.000000 0.000000 0.000000 0.000000 1.000000
0.983801 0.178573 0.015705 0.000000 -0.178841 0.971707 0.154280 31.422300 0.012290 -0.154590 0.987902 0.000000 0.000000 0.000000 0.000000 1.000000
0.975685 0.218243 -0.020225 0.000000 -0.211955 0.962999 0.166460 31.422300 0.055805 -0.158125 0.985841 -0.000000 0.000000 0.000000 0.000000 1.000000
0.980520 0.178210 -0.082590 0.000000 -0.169240 0.979940 0.105243 31.422300 0.099689 -0.089216 0.991011 0.000000 0.000000 0.000000 0.000000 1.000000
0.970278 0.179710 -0.162067 0.000000 -0.192211 0.979202 -0.064943 31.422300 0.147025 0.094164 0.984640 0.000000 0.000000 0.000000 0.000000 1.000000
0.954809 0.179535 -0.236868 0.000000 -0.236503 0.941615 -0.239640 31.422300 0.180015 0.284830 0.941523 0.000000 0.000000 0.000000 0.000000 1.000000
0.936353 0.231336 -0.264059 0.000000 -0.314613 0.886697 -0.338804 31.422300 0.155762 0.400316 0.903042 0.000000 0.000000 0.000000 0.000000 1.000000
0.938320 0.224949 -0.262590 -0.000000 -0.311568 0.879388 -0.360003 31.422300 0.149937 0.419613 0.895234 -0.000000 0.000000 0.000000 0.000000 1.000000
0.951754 0.015711 -0.306459 0.000000 -0.129576 0.925861 -0.354952 31.422300 0.278162 0.377537 0.883228 -0.000000 0.000000 0.000000 0.000000 1.000000
0.889662 -0.217810 -0.401323 -0.000000 0.115282 0.957569 -0.264142 31.422300 0.441827 0.188732 0.877023 0.000000 0.000000 0.000000 0.000000 1.000000
0.827423 -0.281852 -0.485727 0.000000 0.248338 0.959405 -0.133676 31.422300 0.503686 -0.010018 0.863829 -0.000000 0.000000 0.000000 0.000000 1.000000
0.823514 -0.268897 -0.499518 -0.000000 0.251776 0.962296 -0.102935 31.422300 0.508363 -0.040998 0.860166 0.000000 0.000000 0.000000 0.000000 1.000000
0.834844 -0.238106 -0.496327 0.000000 0.211976 0.971139 -0.109337 31.422300 0.508037 -0.013930 0.861223 0.000000 0.000000 0.000000 0.000000 1.000000
0.842392 -0.213376 -0.494819 -0.000000 0.188277 0.976935 -0.100747 31.422300 0.504903 -0.008295 0.863136 -0.000000 0.000000 0.000000 0.000000 1.000000
0.844498 -0.210895 -0.492286 0.000000 0.192983 0.977283 -0.087612 31.422300 0.499580 -0.021015 0.866013 0.000000 0.000000 0.000000 0.000000 1.000000
0.845156 -0.216361 -0.488773 0.000000 0.211257 0.975174 -0.066379 31.422300 0.491001 -0.047156 0.869882 0.000000 0.000000 0.000000 0.000000 1.000000
0.844960 -0.234436 -0.480709 0.000000 0.245369 0.968560 -0.041062 31.422300 0.475222 -0.083256 0.875918 0.000000 0.000000 0.000000 0.000000 1.000000
0.847180 -0.258799 -0.464015 -0.000000 0.282081 0.959183 -0.019961 31.422300 0.450241 -0.113979 0.885602 0.000000 0.000000 0.000000 0.000000 1.000000
0.862619 -0.269873 -0.427851 -0.000000 0.299696 0.954032 0.002468 31.422300 0.407518 -0.130355 0.903846 -0.000000 0.000000 0.000000 0.000000 1.000000
0.898160 -0.240776 -0.367881 0.000000 0.273673 0.961025 0.039171 31.422300 0.344111 -0.135861 0.929048 0.000000 0.000000 0.000000 0.000000 1.000000
0.932200 -0.214935 -0.291215 -0.000000 0.236865 0.970642 0.041826 31.422300 0.273675 -0.107969 0.955743 -0.000000 0.000000 0.000000 0.000000 1.000000
0.949958 -0.222307 -0.219450 0.000000 0.235325 0.971296 0.034733 31.422300 0.205430 -0.084637 0.975005 -0.000000 0.000000 0.000000 0.000000 1.000000
0.984618 -0.118652 -0.128254 0.000000 0.120471 0.992696 0.006493 31.422300 0.126546 -0.021844 0.991720 0.000000 0.000000 0.000000 0.000000 1.000000
0.998688 -0.019115 -0.047514 0.000000 0.018913 0.999810 -0.004708 31.422300 0.047595 0.003803 0.998859 0.000000 0.000000 0.000000 0.000000 1.000000
0.999461 0.032053 0.007024 0.000000 -0.032282 0.998855 0.035297 31.422300 -0.005884 -0.035505 0.999352 0.000000 0.000000 0.000000 0.000000 1.000000
0.998854 0.028195 0.038667 -0.000000 -0.031007 0.996763 0.074178 31.422300 -0.036450 -0.075292 0.996495 0.000000 0.000000 0.000000 0.000000 1.000000
0.997739 0.045774 0.049214 0.000000 -0.049358 0.996016 0.074274 31.422300 -0.045618 -0.076535 0.996023 0.000000 0.000000 0.000000 0.000000 1.000000
0.998082 0.042124 0.045356 -0.000000 -0.044774 0.997249 0.059082 31.422300 -0.042742 -0.060999 0.997222 -0.000000 0.000000 0.000000 0.000000 1.000000
0.999277 0.018926 0.032962 0.000000 -0.020266 0.998962 0.040795 31.422300 -0.032156 -0.041434 0.998624 0.000000 0.000000 0.000000 0.000000 1.000000
0.999576 0.012383 0.026339 0.000000 -0.013814 0.998400 0.054841 31.422300 -0.025618 -0.055182 0.998148 0.000000 0.000000 0.000000 0.000000 1.000000
0.999681 0.021336 0.013544 0.000000 -0.022153 0.997746 0.063341 31.422300 -0.012162 -0.063621 0.997900 0.000000 0.000000 0.000000 0.000000 1.000000
0.999747 -0.003600 -0.022215 0.000000 0.005125 0.997604 0.068987 31.422300 0.021914 -0.069084 0.997370 0.000000 0.000000 0.000000 0.000000 1.000000</float_array>
        <technique_common>
          <accessor source="#mixamorig_Neck-Matrix-animation-output-transform-array" count="34" stride="16">
            <param type="float4x4"/>
          </accessor>
        </technique_common>
      </source>
      <source id="mixamorig_Neck-Interpolations">
        <Name_array id="mixamorig_Neck-Interpolations-array" count="34">
 LINEAR LINEAR LINEAR LINEAR LINEAR LINEAR LINEAR LINEAR LINEAR LINEAR LINEAR
LINEAR LINEAR LINEAR LINEAR LINEAR LINEAR LINEAR LINEAR LINEAR LINEAR LINEAR LINEAR
LINEAR LINEAR LINEAR LINEAR LINEAR LINEAR LINEAR LINEAR LINEAR LINEAR LINEAR</Name_array>
        <technique_common>
          <accessor source="#mixamorig_Neck-Interpolations-array" count="34">
            <param type="name"/>
          </accessor>
        </technique_common>
      </source>
      <sampler id="mixamorig_Neck-Matrix-animation-transform">
        <input semantic="INPUT" source="#mixamorig_Neck-Matrix-animation-input"/>
        <input semantic="OUTPUT" source="#mixamorig_Neck-Matrix-animation-output-transform"/>
        <input semantic="INTERPOLATION" source="#mixamorig_Neck-Interpolations"/>
      </sampler>
      <channel source="#mixamorig_Neck-Matrix-animation-transform" target="mixamorig_Neck/matrix"/>
    </animation>
    <animation id="mixamorig_Head-anim" name="mixamorig_Head">
      <source id="mixamorig_Head-Matrix-animation-input">
        <float_array id="mixamorig_Head-Matrix-animation-input-array" count="34">

0.000000 0.033333 0.066667 0.100000 0.133333 0.166667 0.200000 0.233333 0.266667 0.300000 0.333333 0.366667 0.400000 0.433333 0.466667 0.500000
0.533333 0.566667 0.600000 0.633333 0.666667 0.700000 0.733333 0.766667 0.800000 0.833333 0.866667 0.900000 0.933333 0.966667 1.000000 1.033333
1.066667 1.100000</float_array>
        <technique_common>
          <accessor source="#mixamorig_Head-Matrix-animation-input-array" count="34">
            <param name="TIME" type="float"/>
          </accessor>
        </technique_common>
      </source>
      <source id="mixamorig_Head-Matrix-animation-output-transform">
        <float_array id="mixamorig_Head-Matrix-animation-output-transform-array" count="544">

0.937032 0.006168 0.349190 0.000000 -0.044690 0.993742 0.102370 12.272400 -0.346373 -0.111529 0.931443 -0.206400 0.000000 0.000000 0.000000 1.000000
0.932046 0.006715 0.362277 -0.000000 -0.060889 0.988513 0.138330 12.272400 -0.357186 -0.150989 0.921749 -0.206400 0.000000 0.000000 0.000000 1.000000
0.936462 -0.026601 0.349759 -0.000000 -0.038439 0.983333 0.177706 12.272400 -0.348656 -0.179859 0.919831 -0.206400 0.000000 0.000000 0.000000 1.000000
0.948556 -0.081771 0.305869 0.000000 0.022217 0.980882 0.193329 12.272400 -0.315830 -0.176588 0.932238 -0.206400 0.000000 0.000000 0.000000 1.000000
0.959899 -0.177471 0.217021 -0.000000 0.131454 0.968670 0.210708 12.272400 -0.247617 -0.173730 0.953155 -0.206400 0.000000 0.000000 0.000000 1.000000
0.954639 -0.261870 0.141733 0.000000 0.227055 0.948131 0.222474 12.272400 -0.192640 -0.180201 0.964581 -0.206400 0.000000 0.000000 0.000000 1.000000
0.915910 -0.400583 0.025349 0.000000 0.378894 0.883707 0.274776 12.272400 -0.132471 -0.242065 0.961174 -0.206400 0.000000 0.000000 0.000000 1.000000
0.812956 -0.567463 -0.130725 0.000000 0.574475 0.744791 0.339508 12.272400 -0.095295 -0.351103 0.931475 -0.206400 0.000000 0.000000 0.000000 1.000000
0.684049 -0.691418 -0.232419 0.000000 0.726845 0.619259 0.297009 12.272400 -0.061430 -0.372101 0.926157 -0.206400 0.000000 0.000000 0.000000 1.000000
0.709809 -0.682471 -0.174366 0.000000 0.699775 0.654906 0.285331 12.272400 -0.080537 -0.324548 0.942434 -0.206400 0.000000 0.000000 0.000000 1.000000
0.857463 -0.504158 -0.102868 0.000000 0.510593 0.808967 0.291320 12.272400 -0.063655 -0.302320 0.951079 -0.206400 0.000000 0.000000 0.000000 1.000000
0.949842 -0.297289 -0.097052 0.000000 0.311082 0.930004 0.195757 12.272400 0.032062 -0.216130 0.975838 -0.206400 0.000000 0.000000 0.000000 1.000000
0.968908 -0.212545 -0.126655 -0.000000 0.221905 0.972907 0.064889 12.272400 0.109431 -0.090977 0.989822 -0.206400 0.000000 0.000000 0.000000 1.000000
0.958599 -0.241284 -0.151226 -0.000000 0.248764 0.968023 0.032377 12.272400 0.138578 -0.068657 0.987969 -0.206400 0.000000 0.000000 0.000000 1.000000
