<?xml version="1.0" encoding="utf-8"?>
<COLLADA xmlns="http://www.collada.org/2005/11/COLLADASchema" version="1.4.1">
  <asset>
    <contributor>
      <author>Mixamo</author>
      <authoring_tool>COLLADA Mixamo exporter</authoring_tool>
      <comments/>
    </contributor>
    <created>2025-11-27T07:46:42Z</created>
    <modified>2025-11-27T07:46:42Z</modified>
    <revision/>
    <title/>
    <unit meter="0.010000"/>
    <up_axis>Y_UP</up_axis>
  </asset>
  <library_animations>
    <animation id="mixamorig_Hips-anim" name="mixamorig_Hips">
      <source id="mixamorig_Hips-Matrix-animation-input">
        <float_array id="mixamorig_Hips-Matrix-animation-input-array" count="34">

0.000000 0.033333 0.066667 0.100000 0.133333 0.166667 0.200000 0.233333 0.266667 0.300000 0.333333 0.366667 0.400000 0.433333 0.466667 0.500000
0.533333 0.566667 0.600000 0.633333 0.666667 0.700000 0.733333 0.766667 0.800000 0.833333 0.866667 0.900000 0.933333 0.966667 1.000000 1.033333
1.066667 1.100000</float_array>
        <technique_common>
          <accessor source="#mixamorig_Hips-Matrix-animation-input-array" count="34">
            <param name="TIME" type="float"/>
          </accessor>
        </technique_common>
      </source>
      <source id="mixamorig_Hips-Matrix-animation-output-transform">
        <float_array id="mixamorig_Hips-Matrix-animation-output-transform-array" count="544">

0.999615 -0.027752 0.000413 -0.106930 0.027738 0.999413 0.020131 169.548431 -0.000972 -0.020112 0.999797 1.983817 0.000000 0.000000 0.000000 1.000000
0.999341 -0.032572 -0.016034 -0.347938 0.032854 0.999304 0.017664 170.652115 0.015448 -0.018179 0.999715 1.421940 0.000000 0.000000 0.000000 1.000000
0.998816 -0.035933 -0.032801 -0.532728 0.036434 0.999226 0.014806 171.035995 0.032243 -0.015983 0.999352 1.034398 0.000000 0.000000 0.000000 1.000000
0.997831 -0.038893 -0.053115 -0.651863 0.039582 0.999144 0.011985 170.764618 0.052603 -0.014061 0.998516 0.961996 0.000000 0.000000 0.000000 1.000000
0.996096 -0.038893 -0.079249 -0.688108 0.039655 0.999181 0.008064 169.801559 0.078871 -0.011175 0.996822 0.910323 0.000000 0.000000 0.000000 1.000000
0.993446 -0.033779 -0.109200 -0.644168 0.034491 0.999394 0.004636 168.422150 0.108977 -0.008372 0.994009 1.164706 0.000000 0.000000 0.000000 1.000000
0.990151 -0.028080 -0.137158 -0.322885 0.028322 0.999599 -0.000191 166.747299 0.137108 -0.003696 0.990549 1.441876 0.000000 0.000000 0.000000 1.000000
0.987907 -0.024957 -0.153024 0.416243 0.024872 0.999688 -0.002472 165.065765 0.153038 -0.001364 0.988219 2.023333 0.000000 0.000000 0.000000 1.000000
0.987083 -0.025193 -0.158217 1.576025 0.025279 0.999679 -0.001467 163.557800 0.158203 -0.002552 0.987403 3.256984 0.000000 0.000000 0.000000 1.000000
0.986531 -0.025415 -0.161589 2.909160 0.026195 0.999653 0.002695 162.386002 0.161464 -0.006891 0.986854 4.783589 0.000000 0.000000 0.000000 1.000000
0.986421 -0.022265 -0.162721 4.155757 0.024108 0.999666 0.009362 161.901260 0.162458 -0.013158 0.986628 6.096912 0.000000 0.000000 0.000000 1.000000
0.986928 -0.014694 -0.160493 5.191678 0.017532 0.999714 0.016282 162.173416 0.160208 -0.018883 0.986903 6.974025 0.000000 0.000000 0.000000 1.000000
0.987758 -0.005950 -0.155879 6.087472 0.009552 0.999704 0.022372 162.884903 0.155700 -0.023587 0.987523 7.539307 0.000000 0.000000 0.000000 1.000000
0.989018 0.000417 -0.147796 6.832242 0.003186 0.999703 0.024145 164.010635 0.147762 -0.024350 0.988723 7.683808 0.000000 0.000000 0.000000 1.000000
0.990719 0.003138 -0.135886 7.439417 -0.000381 0.999794 0.020304 165.495682 0.135922 -0.020064 0.990516 7.453322 0.000000 0.000000 0.000000 1.000000
0.992603 0.004182 -0.121330 7.959554 -0.002621 0.999912 0.013015 167.169601 0.121374 -0.012600 0.992527 7.021615 0.000000 0.000000 0.000000 1.000000
0.994443 0.004630 -0.105171 8.376500 -0.004276 0.999984 0.003591 168.847839 0.105186 -0.003122 0.994448 6.414996 0.000000 0.000000 0.000000 1.000000
0.996245 0.003744 -0.086503 8.619135 -0.004388 0.999964 -0.007259 170.215302 0.086473 0.007612 0.996225 5.639275 0.000000 0.000000 0.000000 1.000000
0.997816 0.001765 -0.066036 8.730084 -0.002886 0.999853 -0.016888 170.989136 0.065997 0.017042 0.997674 4.921579 0.000000 0.000000 0.000000 1.000000
0.998908 -0.002465 -0.046664 8.653392 0.001364 0.999720 -0.023612 170.979843 0.046709 0.023522 0.998632 4.194357 0.000000 0.000000 0.000000 1.000000
0.999570 -0.008793 -0.027987 8.385868 0.008060 0.999624 -0.026207 170.276367 0.028207 0.025971 0.999265 3.456913 0.000000 0.000000 0.000000 1.000000
0.999835 -0.016522 -0.007592 7.958871 0.016331 0.999563 -0.024642 168.977753 0.007996 0.024514 0.999668 2.794399 0.000000 0.000000 0.000000 1.000000
0.999576 -0.024577 0.015610 7.368737 0.024893 0.999481 -0.020426 166.966354 -0.015100 0.020806 0.999669 2.403858 0.000000 0.000000 0.000000 1.000000
0.998030 -0.046743 0.041858 6.490181 0.047523 0.998711 -0.017829 163.679169 -0.040970 0.019783 0.998964 2.944241 0.000000 0.000000 0.000000 1.000000
0.996840 -0.052557 0.059570 5.777684 0.053678 0.998407 -0.017376 161.195099 -0.058562 0.020519 0.998073 3.494091 0.000000 0.000000 0.000000 1.000000
0.996062 -0.048669 0.074113 4.968984 0.050169 0.998569 -0.018508 159.383026 -0.073106 0.022153 0.997078 4.278384 0.000000 0.000000 0.000000 1.000000
0.996164 -0.028768 0.082639 4.138203 0.030270 0.999397 -0.016984 159.115204 -0.082101 0.019421 0.996435 4.408608 0.000000 0.000000 0.000000 1.000000
0.995459 -0.019581 0.093150 3.189753 0.020783 0.999713 -0.011944 158.813141 -0.092890 0.013826 0.995580 4.618136 0.000000 0.000000 0.000000 1.000000
0.995248 -0.016156 0.096022 2.335711 0.016126 0.999869 0.001081 159.421661 -0.096027 0.000473 0.995379 4.557784 0.000000 0.000000 0.000000 1.000000
0.996064 -0.017014 0.086985 1.525508 0.015574 0.999731 0.017201 160.970047 -0.087254 -0.015779 0.996061 4.393676 0.000000 0.000000 0.000000 1.000000
0.997753 -0.017160 0.064759 0.870512 0.015643 0.999593 0.023868 163.290894 -0.065143 -0.022801 0.997615 3.899357 0.000000 0.000000 0.000000 1.000000
0.998808 -0.021311 0.043904 0.447834 0.020302 0.999522 0.023303 165.649750 -0.044380 -0.022384 0.998764 3.157561 0.000000 0.000000 0.000000 1.000000
0.999392 -0.025894 0.023367 0.168209 0.025397 0.999451 0.021293 167.732071 -0.023906 -0.020686 0.999500 2.509703 0.000000 0.000000 0.000000 1.000000
0.999615 -0.027755 0.000413 -0.102160 0.027741 0.999412 0.020131 169.548233 -0.000972 -0.020112 0.999797 1.983825 0.000000 0.000000 0.000000 1.000000</float_array>
        <technique_common>
          <accessor source="#mixamorig_Hips-Matrix-animation-output-transform-array" count="34" stride="16">
            <param type="float4x4"/>
          </accessor>
        </technique_common>
      </source>
      <source id="mixamorig_Hips-Interpolations">
        <Name_array id="mixamorig_Hips-Interpolations-array" count="34">
 LINEAR LINEAR LINEAR LINEAR LINEAR LINEAR LINEAR LINEAR LINEAR LINEAR LINEAR
LINEAR LINEAR LINEAR LINEAR LINEAR LINEAR LINEAR LINEAR LINEAR LINEAR LINEAR LINEAR
LINEAR LINEAR LINEAR LINEAR LINEAR LINEAR LINEAR LINEAR LINEAR LINEAR LINEAR</Name_array>
        <technique_common>
          <accessor source="#mixamorig_Hips-Interpolations-array" count="34">
            <param type="name"/>
          </accessor>
        </technique_common>
      </source>
      <sampler id="mixamorig_Hips-Matrix-animation-transform">
        <input semantic="INPUT" source="#mixamorig_Hips-Matrix-animation-input"/>
        <input semantic="OUTPUT" source="#mixamorig_Hips-Matrix-animation-output-transform"/>
        <input semantic="INTERPOLATION" source="#mixamorig_Hips-Interpolations"/>
      </sampler>
      <channel source="#mixamorig_Hips-Matrix-animation-transform" target="mixamorig_Hips/matrix"/>
    </animation>
    <animation id="mixamorig_Spine-anim" name="mixamorig_Spine">
      <source id="mixamorig_Spine-Matrix-animation-input">
        <float_array id="mixamorig_Spine-Matrix-animation-input-array" count="34">

0.000000 0.033333 0.066667 0.100000 0.133333 0.166667 0.200000 0.233333 0.266667 0.300000 0.333333 0.366667 0.400000 0.433333 0.466667 0.500000
0.533333 0.566667 0.600000 0.633333 0.666667 0.700000 0.733333 0.766667 0.800000 0.833333 0.866667 0.900000 0.933333 0.966667 1.000000 1.033333
1.066667 1.100000</float_array>
        <technique_common>
          <accessor source="#mixamorig_Spine-Matrix-animation-input-array" count="34">
            <param name="TIME" type="float"/>
          </accessor>
        </technique_common>
      </source>
      <source id="mixamorig_Spine-Matrix-animation-output-transform">
        <float_array id="mixamorig_Spine-Matrix-animation-output-transform-array" count="544">

0.987794 -0.036001 -0.151549 0.000000 -0.017984 0.940058 -0.340540 20.947800 0.154725 0.339109 0.927936 -0.126600 0.000000 0.000000 0.000000 1.000000
0.989029 -0.031427 -0.144341 0.000000 -0.018565 0.942918 -0.332508 20.947800 0.146552 0.331540 0.931989 -0.126600 0.000000 0.000000 0.000000 1.000000
0.990218 -0.028496 -0.136592 -0.000000 -0.017176 0.946584 -0.321999 20.947800 0.138471 0.321195 0.936835 -0.126600 0.000000 0.000000 0.000000 1.000000
0.991332 -0.027046 -0.128566 0.000000 -0.014324 0.950498 -0.310401 20.947800 0.130597 0.309552 0.941871 -0.126600 0.000000 0.000000 0.000000 1.000000
0.992415 -0.028237 -0.119642 -0.000000 -0.009061 0.953811 -0.300272 20.947800 0.122595 0.299079 0.946320 -0.126600 0.000000 0.000000 0.000000 1.000000
0.993419 -0.031167 -0.110214 -0.000000 -0.002503 0.956129 -0.292935 20.947800 0.114509 0.291283 0.949759 -0.126600 0.000000 0.000000 0.000000 1.000000
0.994123 -0.035091 -0.102413 0.000000 0.004032 0.957353 -0.288893 20.947800 0.108183 0.286782 0.951868 -0.126600 0.000000 0.000000 0.000000 1.000000
0.994293 -0.038312 -0.099566 0.000000 0.008122 0.957765 -0.287438 20.947800 0.106373 0.284989 0.952610 -0.126600 0.000000 0.000000 0.000000 1.000000
0.994066 -0.039187 -0.101473 -0.000000 0.008383 0.957679 -0.287716 20.947800 0.108453 0.285158 0.952325 -0.126600 0.000000 0.000000 0.000000 1.000000
0.993806 -0.036344 -0.105017 0.000000 0.004331 0.956957 -0.290196 20.947800 0.111044 0.287944 0.951187 -0.126600 0.000000 0.000000 0.000000 1.000000
0.993395 -0.031983 -0.110194 -0.000000 -0.002025 0.955331 -0.295531 20.947800 0.114724 0.293802 0.948957 -0.126600 0.000000 0.000000 0.000000 1.000000
0.992607 -0.030621 -0.117447 0.000000 -0.006516 0.952811 -0.303496 20.947800 0.121198 0.302017 0.945567 -0.126600 0.000000 0.000000 0.000000 1.000000
0.991491 -0.031228 -0.126376 0.000000 -0.009919 0.949855 -0.312533 20.947800 0.129798 0.311127 0.941463 -0.126600 0.000000 0.000000 0.000000 1.000000
0.989977 -0.034935 -0.136841 0.000000 -0.010805 0.947348 -0.320023 20.947800 0.140816 0.318293 0.937475 -0.126600 0.000000 0.000000 0.000000 1.000000
0.987926 -0.042077 -0.149100 0.000000 -0.008779 0.945660 -0.325038 20.947800 0.154675 0.322423 0.933873 -0.126600 0.000000 0.000000 0.000000 1.000000
0.985375 -0.051893 -0.162309 0.000000 -0.004335 0.944559 -0.328313 20.947800 0.170347 0.324214 0.930520 -0.126600 0.000000 0.000000 0.000000 1.000000
0.982501 -0.063773 -0.174997 0.000000 0.002627 0.944208 -0.329340 20.947800 0.186237 0.323117 0.927853 -0.126600 0.000000 0.000000 0.000000 1.000000
0.979535 -0.076891 -0.186009 0.000000 0.012092 0.944966 -0.326945 20.947800 0.200911 0.318004 0.926557 -0.126600 0.000000 0.000000 0.000000 1.000000
0.976664 -0.087910 -0.195960 0.000000 0.020120 0.945832 -0.324033 20.947800 0.213831 0.312529 0.925528 -0.126600 0.000000 0.000000 0.000000 1.000000
0.974136 -0.093599 -0.205668 0.000000 0.022993 0.946511 -0.321851 20.947800 0.224792 0.308798 0.924182 -0.126600 0.000000 0.000000 0.000000 1.000000
0.971934 -0.093956 -0.215678 0.000000 0.020372 0.946955 -0.320719 20.947800 0.234371 0.307324 0.922292 -0.126600 0.000000 0.000000 0.000000 1.000000
0.969936 -0.089882 -0.226152 0.000000 0.013135 0.947276 -0.320151 20.947800 0.243005 0.307555 0.919977 -0.126600 0.000000 0.000000 0.000000 1.000000
0.967968 -0.083867 -0.236653 0.000000 0.004207 0.947847 -0.318697 20.947800 0.251039 0.307492 0.917839 -0.126600 0.000000 0.000000 0.000000 1.000000
0.964300 -0.069525 -0.255524 0.000000 -0.013707 0.950521 -0.310357 20.947800 0.264459 0.302779 0.915634 -0.126600 0.000000 0.000000 0.000000 1.000000
0.962173 -0.071192 -0.262974 0.000000 -0.012692 0.952494 -0.304294 20.947800 0.272144 0.296121 0.915560 -0.126600 0.000000 0.000000 0.000000 1.000000
0.961193 -0.079519 -0.264168 -0.000000 -0.003896 0.953550 -0.301210 20.947800 0.275849 0.290550 0.916236 -0.126600 0.000000 0.000000 0.000000 1.000000
0.962630 -0.097095 -0.252817 0.000000 0.014817 0.951006 -0.308818 20.947800 0.270415 0.293532 0.916905 -0.126600 0.000000 0.000000 0.000000 1.000000
0.964205 -0.101821 -0.244830 0.000000 0.019009 0.947501 -0.319189 20.947800 0.264477 0.303109 0.915520 -0.126600 0.000000 0.000000 0.000000 1.000000
0.968048 -0.096466 -0.231467 0.000000 0.014307 0.942789 -0.333082 20.947800 0.250356 0.319128 0.914045 -0.126600 0.000000 0.000000 0.000000 1.000000
0.973221 -0.083237 -0.214272 -0.000000 0.004292 0.938556 -0.345101 20.947800 0.229831 0.334940 0.913780 -0.126600 0.000000 0.000000 0.000000 1.000000
0.977951 -0.070456 -0.196593 0.000000 -0.003276 0.936079 -0.351774 20.947800 0.208811 0.344661 0.915208 -0.126600 0.000000 0.000000 0.000000 1.000000
0.981834 -0.058287 -0.180568 0.000000 -0.009046 0.936185 -0.351390 20.947800 0.189526 0.346640 0.918651 -0.126600 0.000000 0.000000 0.000000 1.000000
0.985073 -0.046683 -0.165686 0.000000 -0.013802 0.938006 -0.346344 20.947800 0.171583 0.343461 0.923360 -0.126600 0.000000 0.000000 0.000000 1.000000
0.987794 -0.035998 -0.151550 0.000000 -0.017988 0.940058 -0.340539 20.947800 0.154724 0.339109 0.927936 -0.126600 0.000000 0.000000 0.000000 1.000000</float_array>
        <technique_common>
          <accessor source="#mixamorig_Spine-Matrix-animation-output-transform-array" count="34" stride="16">
            <param type="float4x4"/>
          </accessor>
        </technique_common>
      </source>
      <source id="mixamorig_Spine-Interpolations">
        <Name_array id="mixamorig_Spine-Interpolations-array" count="34">
 LINEAR LINEAR LINEAR LINEAR LINEAR LINEAR LINEAR LINEAR LINEAR LINEAR LINEAR
LINEAR LINEAR LINEAR LINEAR LINEAR LINEAR LINEAR LINEAR LINEAR LINEAR LINEAR LINEAR
LINEAR LINEAR LINEAR LINEAR LINEAR LINEAR LINEAR LINEAR LINEAR LINEAR LINEAR</Name_array>
        <technique_common>
          <accessor source="#mixamorig_Spine-Interpolations-array" count="34">
            <param type="name"/>
          </accessor>
        </technique_common>
      </source>
      <sampler id="mixamorig_Spine-Matrix-animation-transform">
        <input semantic="INPUT" source="#mixamorig_Spine-Matrix-animation-input"/>
        <input semantic="OUTPUT" source="#mixamorig_Spine-Matrix-animation-output-transform"/>
        <input semantic="INTERPOLATION" source="#mixamorig_Spine-Interpolations"/>
      </sampler>
      <channel source="#mixamorig_Spine-Matrix-animation-transform" target="mixamorig_Spine/matrix"/>
    </animation>
    <animation id="mixamorig_Spine1-anim" name="mixamorig_Spine1">
      <source id="mixamorig_Spine1-Matrix-animation-input">
        <float_array id="mixamorig_Spine1-Matrix-animation-input-array" count="34">

0.000000 0.033333 0.066667 0.100000 0.133333 0.166667 0.200000 0.233333 0.266667 0.300000 0.333333 0.366667 0.400000 0.433333 0.466667 0.500000
0.533333 0.566667 0.600000 0.633333 0.666667 0.700000 0.733333 0.766667 0.800000 0.833333 0.866667 0.900000 0.933333 0.966667 1.000000 1.033333
1.066667 1.100000</float_array>
        <technique_common>
          <accessor source="#mixamorig_Spine1-Matrix-animation-input-array" count="34">
            <param name="TIME" type="float"/>
          </accessor>
        </technique_common>
      </source>
      <source id="mixamorig_Spine1-Matrix-animation-output-transform">
        <float_array id="mixamorig_Spine1-Matrix-animation-output-transform-array" count="544">

0.999068 0.009519 -0.042113 -0.000000 -0.010606 0.999614 -0.025669 24.439501 0.041852 0.026091 0.998783 0.000000 0.000000 0.000000 0.000000 1.000000
0.999159 0.010432 -0.039646 0.000000 -0.011456 0.999605 -0.025676 24.439501 0.039362 0.026109 0.998884 -0.000000 0.000000 0.000000 0.000000 1.000000
0.999242 0.011615 -0.037150 0.000000 -0.012574 0.999591 -0.025678 24.439501 0.036836 0.026126 0.998980 -0.000000 0.000000 0.000000 0.000000 1.000000
0.999312 0.013047 -0.034706 0.000000 -0.013942 0.999573 -0.025677 24.439501 0.034356 0.026143 0.999068 -0.000000 0.000000 0.000000 0.000000 1.000000
0.999378 0.014279 -0.032259 -0.000000 -0.015111 0.999556 -0.025687 24.439501 0.031878 0.026159 0.999149 0.000000 0.000000 0.000000 0.000000 1.000000
0.999444 0.014906 -0.029841 -0.000000 -0.015677 0.999545 -0.025782 24.439501 0.029443 0.026235 0.999222 0.000000 0.000000 0.000000 0.000000 1.000000
0.999500 0.014703 -0.027989 -0.000000 -0.015432 0.999542 -0.026027 24.439501 0.027593 0.026446 0.999269 0.000000 0.000000 0.000000 0.000000 1.000000
0.999530 0.013629 -0.027463 -0.000000 -0.014343 0.999559 -0.025994 24.439501 0.027096 0.026375 0.999285 0.000000 0.000000 0.000000 0.000000 1.000000
0.999535 0.011909 -0.028075 -0.000000 -0.012632 0.999590 -0.025687 24.439501 0.027758 0.026030 0.999276 0.000000 0.000000 0.000000 0.000000 1.000000
0.999532 0.009894 -0.028938 -0.000000 -0.010634 0.999617 -0.025543 24.439501 0.028674 0.025839 0.999255 -0.000000 0.000000 0.000000 0.000000 1.000000
0.999514 0.008094 -0.030092 0.000000 -0.008876 0.999624 -0.025927 24.439501 0.029871 0.026181 0.999211 0.000000 0.000000 0.000000 0.000000 1.000000
0.999466 0.006875 -0.031949 0.000000 -0.007734 0.999609 -0.026866 24.439501 0.031751 0.027099 0.999128 -0.000000 0.000000 0.000000 0.000000 1.000000
0.999390 0.006045 -0.034397 0.000000 -0.007012 0.999582 -0.028061 24.439501 0.034213 0.028285 0.999014 0.000000 0.000000 0.000000 0.000000 1.000000
0.999275 0.005443 -0.037689 0.000000 -0.006537 0.999559 -0.028961 24.439501 0.037514 0.029186 0.998870 0.000000 0.000000 0.000000 0.000000 1.000000
0.999112 0.004966 -0.041835 0.000000 -0.006197 0.999550 -0.029340 24.439501 0.041671 0.029573 0.998694 0.000000 0.000000 0.000000 0.000000 1.000000
0.998913 0.004490 -0.046389 0.000000 -0.005856 0.999552 -0.029367 24.439501 0.046237 0.029606 0.998492 0.000000 0.000000 0.000000 0.000000 1.000000
0.998696 0.004047 -0.050898 0.000000 -0.005535 0.999560 -0.029128 24.439501 0.050758 0.029372 0.998279 0.000000 0.000000 0.000000 0.000000 1.000000
0.998478 0.003675 -0.055025 0.000000 -0.005254 0.999578 -0.028582 24.439501 0.054897 0.028827 0.998076 0.000000 0.000000 0.000000 0.000000 1.000000
0.998267 0.003390 -0.058754 0.000000 -0.005040 0.999596 -0.027957 24.439501 0.058636 0.028205 0.997881 0.000000 0.000000 0.000000 0.000000 1.000000
0.998072 0.003344 -0.061975 0.000000 -0.005046 0.999614 -0.027320 24.439501 0.061860 0.027580 0.997704 -0.000000 0.000000 0.000000 0.000000 1.000000
0.997896 0.003674 -0.064726 0.000000 -0.005412 0.999629 -0.026692 24.439501 0.064604 0.026986 0.997546 -0.000000 0.000000 0.000000 0.000000 1.000000
0.997734 0.004383 -0.067134 0.000000 -0.006145 0.999641 -0.026068 24.439501 0.066996 0.026422 0.997403 0.000000 0.000000 0.000000 0.000000 1.000000
0.997578 0.005366 -0.069347 0.000000 -0.007135 0.999655 -0.025285 24.439501 0.069187 0.025718 0.997272 0.000000 0.000000 0.000000 0.000000 1.000000
0.997423 0.006024 -0.071492 0.000000 -0.007753 0.999683 -0.023937 24.439501 0.071326 0.024430 0.997154 0.000000 0.000000 0.000000 0.000000 1.000000
0.997283 0.005936 -0.073429 0.000000 -0.007566 0.999731 -0.021939 24.439501 0.073279 0.022435 0.997059 -0.000000 0.000000 0.000000 0.000000 1.000000
0.997183 0.004946 -0.074848 -0.000000 -0.006433 0.999786 -0.019648 24.439501 0.074735 0.020074 0.997001 0.000000 0.000000 0.000000 0.000000 1.000000
0.997176 0.003639 -0.075018 -0.000000 -0.005026 0.999820 -0.018312 24.439501 0.074938 0.018638 0.997014 0.000000 0.000000 0.000000 0.000000 1.000000
0.997275 0.002662 -0.073731 -0.000000 -0.004023 0.999824 -0.018315 24.439501 0.073669 0.018562 0.997110 0.000000 0.000000 0.000000 0.000000 1.000000
0.997527 0.002577 -0.070237 0.000000 -0.003989 0.999792 -0.019977 24.439501 0.070171 0.020208 0.997330 0.000000 0.000000 0.000000 0.000000 1.000000
0.997897 0.003403 -0.064738 -0.000000 -0.004859 0.999739 -0.022339 24.439501 0.064645 0.022607 0.997652 0.000000 0.000000 0.000000 0.000000 1.000000
0.998275 0.004660 -0.058531 0.000000 -0.006083 0.999689 -0.024170 24.439501 0.058400 0.024484 0.997993 -0.000000 0.000000 0.000000 0.000000 1.000000
0.998591 0.006072 -0.052709 0.000000 -0.007402 0.999658 -0.025074 24.439501 0.052538 0.025429 0.998295 0.000000 0.000000 0.000000 0.000000 1.000000
0.998854 0.007692 -0.047233 -0.000000 -0.008908 0.999633 -0.025584 24.439501 0.047019 0.025975 0.998556 0.000000 0.000000 0.000000 0.000000 1.000000
0.999068 0.009518 -0.042113 0.000000 -0.010606 0.999614 -0.025684 24.439501 0.041852 0.026106 0.998783 0.000000 0.000000 0.000000 0.000000 1.000000</float_array>
        <technique_common>
          <accessor source="#mixamorig_Spine1-Matrix-animation-output-transform-array" count="34" stride="16">
            <param type="float4x4"/>
          </accessor>
        </technique_common>
      </source>
      <source id="mixamorig_Spine1-Interpolations">
        <Name_array id="mixamorig_Spine1-Interpolations-array" count="34">
 LINEAR LINEAR LINEAR LINEAR LINEAR LINEAR LINEAR LINEAR LINEAR LINEAR LINEAR
LINEAR LINEAR LINEAR LINEAR LINEAR LINEAR LINEAR LINEAR LINEAR LINEAR LINEAR LINEAR
LINEAR LINEAR LINEAR LINEAR LINEAR LINEAR LINEAR LINEAR LINEAR LINEAR LINEAR</Name_array>
        <technique_common>
          <accessor source="#mixamorig_Spine1-Interpolations-array" count="34">
            <param type="name"/>
          </accessor>
        </technique_common>
      </source>
      <sampler id="mixamorig_Spine1-Matrix-animation-transform">
        <input semantic="INPUT" source="#mixamorig_Spine1-Matrix-animation-input"/>
        <input semantic="OUTPUT" source="#mixamorig_Spine1-Matrix-animation-output-transform"/>
        <input semantic="INTERPOLATION" source="#mixamorig_Spine1-Interpolations"/>
      </sampler>
      <channel source="#mixamorig_Spine1-Matrix-animation-transform" target="mixamorig_Spine1/matrix"/>
    </animation>
    <animation id="mixamorig_Spine2-anim" name="mixamorig_Spine2">
      <source id="mixamorig_Spine2-Matrix-animation-input">
        <float_array id="mixamorig_Spine2-Matrix-animation-input-array" count="34">

0.000000 0.033333 0.066667 0.100000 0.133333 0.166667 0.200000 0.233333 0.266667 0.300000 0.333333 0.366667 0.400000 0.433333 0.466667 0.500000
0.533333 0.566667 0.600000 0.633333 0.666667 0.700000 0.733333 0.766667 0.800000 0.833333 0.866667 0.900000 0.933333 0.966667 1.000000 1.033333
1.066667 1.100000</float_array>
        <technique_common>
          <accessor source="#mixamorig_Spine2-Matrix-animation-input-array" count="34">
            <param name="TIME" type="float"/>
          </accessor>
        </technique_common>
      </source>
      <source id="mixamorig_Spine2-Matrix-animation-output-transform">
        <float_array id="mixamorig_Spine2-Matrix-animation-output-transform-array" count="544">

0.999100 0.008344 -0.041580 0.000000 -0.009428 0.999619 -0.025941 27.930901 0.041347 0.026309 0.998798 -0.000000 0.000000 0.000000 0.000000 1.000000
0.999193 0.009343 -0.039077 0.000000 -0.010362 0.999610 -0.025943 27.930901 0.038819 0.026327 0.998899 0.000000 0.000000 0.000000 0.000000 1.000000
0.999276 0.010627 -0.036540 0.000000 -0.011579 0.999596 -0.025940 27.930901 0.036250 0.026345 0.998995 -0.000000 0.000000 0.000000 0.000000 1.000000
0.999346 0.012166 -0.034053 -0.000000 -0.013053 0.999578 -0.025934 27.930901 0.033723 0.026361 0.999084 -0.000000 0.000000 0.000000 0.000000 1.000000
0.999410 0.013501 -0.031569 -0.000000 -0.014322 0.999561 -0.025940 27.930901 0.031205 0.026377 0.999165 -0.000000 0.000000 0.000000 0.000000 1.000000
0.999475 0.014214 -0.029129 -0.000000 -0.014973 0.999549 -0.026025 27.930901 0.028746 0.026447 0.999237 0.000000 0.000000 0.000000 0.000000 1.000000
0.999529 0.014066 -0.027279 0.000000 -0.014782 0.999546 -0.026243 27.930901 0.026898 0.026634 0.999283 0.000000 0.000000 0.000000 0.000000 1.000000
0.999557 0.012998 -0.026788 0.000000 -0.013700 0.999563 -0.026186 27.930901 0.026436 0.026541 0.999298 0.000000 0.000000 0.000000 0.000000 1.000000
0.999559 0.011246 -0.027467 0.000000 -0.011957 0.999594 -0.025859 27.930901 0.027165 0.026176 0.999288 -0.000000 0.000000 0.000000 0.000000 1.000000
0.999554 0.009178 -0.028425 0.000000 -0.009909 0.999621 -0.025692 27.930901 0.028179 0.025962 0.999266 -0.000000 0.000000 0.000000 0.000000 1.000000
0.999533 0.007304 -0.029678 0.000000 -0.008078 0.999628 -0.026056 27.930901 0.029476 0.026284 0.999220 -0.000000 0.000000 0.000000 0.000000 1.000000
0.999482 0.005983 -0.031611 0.000000 -0.006838 0.999612 -0.026990 27.930901 0.031437 0.027192 0.999136 0.000000 0.000000 0.000000 0.000000 1.000000
0.999405 0.005035 -0.034118 -0.000000 -0.005998 0.999585 -0.028186 27.930901 0.033962 0.028374 0.999020 0.000000 0.000000 0.000000 0.000000 1.000000
0.999290 0.004311 -0.037439 0.000000 -0.005402 0.999563 -0.029076 27.930901 0.037297 0.029258 0.998876 0.000000 0.000000 0.000000 0.000000 1.000000
0.999128 0.003702 -0.041584 -0.000000 -0.004928 0.999555 -0.029426 27.930901 0.041456 0.029606 0.998702 0.000000 0.000000 0.000000 0.000000 1.000000
0.998931 0.003097 -0.046117 0.000000 -0.004457 0.999557 -0.029422 27.930901 0.046006 0.029596 0.998503 0.000000 0.000000 0.000000 0.000000 1.000000
0.998716 0.002539 -0.050598 0.000000 -0.004018 0.999567 -0.029147 27.930901 0.050502 0.029313 0.998294 0.000000 0.000000 0.000000 0.000000 1.000000
0.998501 0.002072 -0.054692 -0.000000 -0.003640 0.999585 -0.028575 27.930901 0.054610 0.028731 0.998094 0.000000 0.000000 0.000000 0.000000 1.000000
0.998292 0.001695 -0.058391 0.000000 -0.003331 0.999604 -0.027935 27.930901 0.058320 0.028082 0.997903 0.000000 0.000000 0.000000 0.000000 1.000000
0.998101 0.001561 -0.061586 0.000000 -0.003248 0.999622 -0.027303 27.930901 0.061520 0.027451 0.997728 -0.000000 0.000000 0.000000 0.000000 1.000000
0.997928 0.001847 -0.064317 0.000000 -0.003571 0.999637 -0.026701 27.930901 0.064245 0.026875 0.997572 0.000000 0.000000 0.000000 0.000000 1.000000
0.997769 0.002535 -0.066708 -0.000000 -0.004286 0.999650 -0.026121 27.930901 0.066619 0.026349 0.997431 0.000000 0.000000 0.000000 0.000000 1.000000
0.997617 0.003517 -0.068903 0.000000 -0.005278 0.999664 -0.025394 27.930901 0.068791 0.025697 0.997300 0.000000 0.000000 0.000000 0.000000 1.000000
0.997464 0.004203 -0.071047 0.000000 -0.005927 0.999693 -0.024074 27.930901 0.070924 0.024434 0.997182 0.000000 0.000000 0.000000 0.000000 1.000000
0.997322 0.004173 -0.073011 0.000000 -0.005797 0.999740 -0.022050 27.930901 0.072900 0.022414 0.997087 -0.000000 0.000000 0.000000 0.000000 1.000000
0.997216 0.003251 -0.074499 -0.000000 -0.004728 0.999795 -0.019668 27.930901 0.074420 0.019966 0.997027 0.000000 0.000000 0.000000 0.000000 1.000000
0.997202 0.001977 -0.074721 -0.000000 -0.003348 0.999828 -0.018226 27.930901 0.074673 0.018425 0.997038 0.000000 0.000000 0.000000 0.000000 1.000000
0.997293 0.000987 -0.073519 -0.000000 -0.002328 0.999833 -0.018149 27.930901 0.073489 0.018271 0.997129 0.000000 0.000000 0.000000 0.000000 1.000000
0.997544 0.000868 -0.070040 0.000000 -0.002260 0.999801 -0.019805 27.930901 0.070009 0.019914 0.997348 -0.000000 0.000000 0.000000 0.000000 1.000000
0.997917 0.001697 -0.064493 -0.000000 -0.003137 0.999748 -0.022231 27.930901 0.064439 0.022387 0.997670 -0.000000 0.000000 0.000000 0.000000 1.000000
0.998299 0.003028 -0.058220 -0.000000 -0.004441 0.999698 -0.024158 27.930901 0.058129 0.024375 0.998011 -0.000000 0.000000 0.000000 0.000000 1.000000
0.998620 0.004570 -0.052327 -0.000000 -0.005893 0.999666 -0.025147 27.930901 0.052194 0.025421 0.998313 -0.000000 0.000000 0.000000 0.000000 1.000000
0.998885 0.006351 -0.046775 0.000000 -0.007558 0.999642 -0.025670 27.930901 0.046595 0.025995 0.998576 0.000000 0.000000 0.000000 0.000000 1.000000
0.999100 0.008343 -0.041580 -0.000000 -0.009427 0.999619 -0.025953 27.930901 0.041347 0.026321 0.998798 0.000000 0.000000 0.000000 0.000000 1.000000</float_array>
        <technique_common>
          <accessor source="#mixamorig_Spine2-Matrix-animation-output-transform-array" count="34" stride="16">
            <param type="float4x4"/>
          </accessor>
        </technique_common>
      </source>
      <source id="mixamorig_Spine2-Interpolations">
        <Name_array id="mixamorig_Spine2-Interpolations-array" count="34">
 LINEAR LINEAR LINEAR LINEAR LINEAR LINEAR LINEAR LINEAR LINEAR LINEAR LINEAR
LINEAR LINEAR LINEAR LINEAR LINEAR LINEAR LINEAR LINEAR LINEAR LINEAR LINEAR LINEAR
LINEAR LINEAR LINEAR LINEAR LINEAR LINEAR LINEAR LINEAR LINEAR LINEAR LINEAR</Name_array>
        <technique_common>
          <accessor source="#mixamorig_Spine2-Interpolations-array" count="34">
            <param type="name"/>
          </accessor>
        </technique_common>
      </source>
      <sampler id="mixamorig_Spine2-Matrix-animation-transform">
        <input semantic="INPUT" source="#mixamorig_Spine2-Matrix-animation-input"/>
        <input semantic="OUTPUT" source="#mixamorig_Spine2-Matrix-animation-output-transform"/>
        <input semantic="INTERPOLATION" source="#mixamorig_Spine2-Interpolations"/>
      </sampler>
      <channel source="#mixamorig_Spine2-Matrix-animation-transform" target="mixamorig_Spine2/matrix"/>
    </animation>
    <animation id="mixamorig_Neck-anim" name="mixamorig_Neck">
      <source id="mixamorig_Neck-Matrix-animation-input">
        <float_array id="mixamorig_Neck-Matrix-animation-input-array" count="34">

0.000000 0.033333 0.066667 0.100000 0.133333 0.166667 0.200000 0.233333 0.266667 0.300000 0.333333 0.366667 0.400000 0.433333 0.466667 0.500000
0.533333 0.566667 0.600000 0.633333 0.666667 0.700000 0.733333 0.766667 0.800000 0.833333 0.866667 0.900000 0.933333 0.966667 1.000000 1.033333
1.066667 1.100000</float_array>
        <technique_common>
          <accessor source="#mixamorig_Neck-Matrix-animation-input-array" count="34">
            <param name="TIME" type="float"/>
          </accessor>
        </technique_common>
      </source>
      <source id="mixamorig_Neck-Matrix-animation-output-transform">
        <float_array id="mixamorig_Neck-Matrix-animation-output-transform-array" count="544">

0.997691 0.065360 0.018444 0.000000 -0.061695 0.985806 -0.156142 31.422300 -0.028387 0.154644 0.987562 0.000000 0.000000 0.000000 0.000000 1.000000
0.997636 0.066295 0.018122 -0.000000 -0.062588 0.985302 -0.158941 31.422300 -0.028393 0.157431 0.987122 0.000000 0.000000 0.000000 0.000000 1.000000
0.997530 0.067887 0.018061 0.000000 -0.064063 0.984605 -0.162630 31.422300 -0.028824 0.161071 0.986522 0.000000 0.000000 0.000000 0.000000 1.000000
0.997383 0.069815 0.018784 0.000000 -0.065735 0.983864 -0.166404 31.422300 -0.030098 0.164734 0.985879 -0.000000 0.000000 0.000000 0.000000 1.000000
0.997185 0.072084 0.020641 0.000000 -0.067598 0.983380 -0.168504 31.422300 -0.032445 0.166634 0.985485 0.000000 0.000000 0.000000 0.000000 1.000000
0.996955 0.074471 0.023114 -0.000000 -0.069545 0.983269 -0.168361 31.422300 -0.035265 0.166241 0.985454 0.000000 0.000000 0.000000 0.000000 1.000000
0.996752 0.076362 0.025571 -0.000000 -0.071077 0.983491 -0.166411 31.422300 -0.037856 0.164053 0.985725 0.000000 0.000000 0.000000 0.000000 1.000000
0.996651 0.077021 0.027472 0.000000 -0.071484 0.983750 -0.164697 31.422300 -0.039711 0.162182 0.985962 0.000000 0.000000 0.000000 0.000000 1.000000
0.996663 0.076403 0.028722 0.000000 -0.070675 0.983822 -0.164617 31.422300 -0.040835 0.162038 0.985939 -0.000000 0.000000 0.000000 0.000000 1.000000
0.996754 0.074892 0.029533 0.000000 -0.069008 0.983767 -0.165652 31.422300 -0.041459 0.163077 0.985742 0.000000 0.000000 0.000000 0.000000 1.000000
0.996808 0.073778 0.030513 0.000000 -0.067730 0.983783 -0.166082 31.422300 -0.042271 0.163485 0.985640 0.000000 0.000000 0.000000 0.000000 1.000000
0.996713 0.074342 0.032194 0.000000 -0.068075 0.983998 -0.164662 31.422300 -0.043920 0.161929 0.985825 0.000000 0.000000 0.000000 0.000000 1.000000
0.996510 0.076076 0.034359 -0.000000 -0.069559 0.984329 -0.162041 31.422300 -0.046148 0.159085 0.986186 -0.000000 0.000000 0.000000 0.000000 1.000000
0.996276 0.078027 0.036683 0.000000 -0.071269 0.984711 -0.158949 31.422300 -0.048524 0.155742 0.986605 0.000000 0.000000 0.000000 0.000000 1.000000
0.996055 0.079706 0.039016 0.000000 -0.072727 0.985107 -0.155803 31.422300 -0.050854 0.152351 0.987017 0.000000 0.000000 0.000000 0.000000 1.000000
0.995847 0.081156 0.041253 0.000000 -0.073993 0.985518 -0.152577 31.422300 -0.053039 0.148891 0.987430 0.000000 0.000000 0.000000 0.000000 1.000000
0.995663 0.082420 0.043154 0.000000 -0.075161 0.985979 -0.148981 31.422300 -0.054828 0.145092 0.987898 0.000000 0.000000 0.000000 0.000000 1.000000
0.995523 0.083475 0.044335 0.000000 -0.076281 0.986541 -0.144633 31.422300 -0.055811 0.140603 0.988492 -0.000000 0.000000 0.000000 0.000000 1.000000
0.995435 0.084216 0.044918 0.000000 -0.077198 0.987141 -0.139978 31.422300 -0.056129 0.135871 0.989135 0.000000 0.000000 0.000000 0.000000 1.000000
0.995439 0.084164 0.044913 0.000000 -0.077407 0.987767 -0.135369 31.422300 -0.055757 0.131275 0.989777 0.000000 0.000000 0.000000 0.000000 1.000000
0.995556 0.083070 0.044357 0.000000 -0.076641 0.988424 -0.130936 31.422300 -0.054721 0.126954 0.990398 -0.000000 0.000000 0.000000 0.000000 1.000000
0.995768 0.081065 0.043306 -0.000000 -0.075011 0.989097 -0.126728 31.422300 -0.053107 0.122943 0.990992 0.000000 0.000000 0.000000 0.000000 1.000000
0.996026 0.078634 0.041817 0.000000 -0.072959 0.989689 -0.123255 31.422300 -0.051078 0.119714 0.991494 0.000000 0.000000 0.000000 0.000000 1.000000
0.996205 0.077063 0.040453 0.000000 -0.071665 0.990040 -0.121178 31.422300 -0.049389 0.117819 0.991806 -0.000000 0.000000 0.000000 0.000000 1.000000
0.996295 0.076444 0.039398 -0.000000 -0.071217 0.990180 -0.120301 31.422300 -0.048207 0.117050 0.991955 0.000000 0.000000 0.000000 0.000000 1.000000
0.996367 0.076041 0.038350 0.000000 -0.070953 0.990234 -0.120010 31.422300 -0.047101 0.116853 0.992032 -0.000000 0.000000 0.000000 0.000000 1.000000
0.996565 0.074411 0.036346 -0.000000 -0.069590 0.990388 -0.119538 31.422300 -0.044892 0.116598 0.992164 -0.000000 0.000000 0.000000 0.000000 1.000000
0.996864 0.071812 0.033245 -0.000000 -0.067369 0.990539 -0.119561 31.422300 -0.041516 0.116946 0.992270 0.000000 0.000000 0.000000 0.000000 1.000000
0.997183 0.069170 0.029017 -0.000000 -0.065144 0.990373 -0.122136 31.422300 -0.037186 0.119901 0.992089 0.000000 0.000000 0.000000 0.000000 1.000000
0.997373 0.068058 0.024792 0.000000 -0.064328 0.989592 -0.128721 31.422300 -0.033294 0.126788 0.991371 0.000000 0.000000 0.000000 0.000000 1.000000
0.997411 0.068542 0.021764 -0.000000 -0.064925 0.988391 -0.137361 31.422300 -0.030927 0.135592 0.990282 -0.000000 0.000000 0.000000 0.000000 1.000000
0.997398 0.069181 0.020275 0.000000 -0.065534 0.987279 -0.144863 31.422300 -0.030038 0.143157 0.989244 0.000000 0.000000 0.000000 0.000000 1.000000
0.997466 0.068417 0.019517 0.000000 -0.064721 0.986496 -0.150457 31.422300 -0.029547 0.148812 0.988424 0.000000 0.000000 0.000000 0.000000 1.000000
0.997691 0.065360 0.018444 0.000000 -0.061695 0.985806 -0.156142 31.422300 -0.028387 0.154643 0.987562 0.000000 0.000000 0.000000 0.000000 1.000000</float_array>
        <technique_common>
          <accessor source="#mixamorig_Neck-Matrix-animation-output-transform-array" count="34" stride="16">
            <param type="float4x4"/>
          </accessor>
        </technique_common>
      </source>
      <source id="mixamorig_Neck-Interpolations">
        <Name_array id="mixamorig_Neck-Interpolations-array" count="34">
 LINEAR LINEAR LINEAR LINEAR LINEAR LINEAR LINEAR LINEAR LINEAR LINEAR LINEAR
LINEAR LINEAR LINEAR LINEAR LINEAR LINEAR LINEAR LINEAR LINEAR LINEAR LINEAR LINEAR
LINEAR LINEAR LINEAR LINEAR LINEAR LINEAR LINEAR LINEAR LINEAR LINEAR LINEAR</Name_array>
        <technique_common>
          <accessor source="#mixamorig_Neck-Interpolations-array" count="34">
            <param type="name"/>
          </accessor>
        </technique_common>
      </source>
      <sampler id="mixamorig_Neck-Matrix-animation-transform">
        <input semantic="INPUT" source="#mixamorig_Neck-Matrix-animation-input"/>
        <input semantic="OUTPUT" source="#mixamorig_Neck-Matrix-animation-output-transform"/>
        <input semantic="INTERPOLATION" source="#mixamorig_Neck-Interpolations"/>
      </sampler>
      <channel source="#mixamorig_Neck-Matrix-animation-transform" target="mixamorig_Neck/matrix"/>
    </animation>
    <animation id="mixamorig_Head-anim" name="mixamorig_Head">
      <source id="mixamorig_Head-Matrix-animation-input">
        <float_array id="mixamorig_Head-Matrix-animation-input-array" count="34">

0.000000 0.033333 0.066667 0.100000 0.133333 0.166667 0.200000 0.233333 0.266667 0.300000 0.333333 0.366667 0.400000 0.433333 0.466667 0.500000
0.533333 0.566667 0.600000 0.633333 0.666667 0.700000 0.733333 0.766667 0.800000 0.833333 0.866667 0.900000 0.933333 0.966667 1.000000 1.033333
1.066667 1.100000</float_array>
        <technique_common>
          <accessor source="#mixamorig_Head-Matrix-animation-input-array" count="34">
            <param name="TIME" type="float"/>
          </accessor>
        </technique_common>
      </source>
      <source id="mixamorig_Head-Matrix-animation-output-transform">
        <float_array id="mixamorig_Head-Matrix-animation-output-transform-array" count="544">

0.979181 -0.053729 0.195749 0.000000 -0.007193 0.954544 0.297982 12.272400 -0.202862 -0.293187 0.934285 -0.206400 0.000000 0.000000 0.000000 1.000000
0.978762 -0.056058 0.197185 0.000000 -0.006495 0.952922 0.303147 12.272400 -0.204896 -0.297989 0.932320 -0.206400 0.000000 0.000000 0.000000 1.000000
0.978190 -0.058698 0.199246 0.000000 -0.005652 0.951363 0.308019 12.272400 -0.207635 -0.302427 0.930282 -0.206400 0.000000 0.000000 0.000000 1.000000
0.977180 -0.060619 0.203579 0.000000 -0.006036 0.950102 0.311880 12.272400 -0.212327 -0.305992 0.928055 -0.206400 0.000000 0.000000 0.000000 1.000000
0.975515 -0.060603 0.211420 0.000000 -0.008910 0.949608 0.313315 12.272400 -0.219754 -0.307527 0.925816 -0.206400 0.000000 0.000000 0.000000 1.000000
0.973494 -0.059130 0.220938 0.000000 -0.013296 0.949738 0.312763 12.272400 -0.228327 -0.307410 0.923778 -0.206400 0.000000 0.000000 0.000000 1.000000
0.971583 -0.057328 0.229653 0.000000 -0.017501 0.950172 0.311233 12.272400 -0.236053 -0.306408 0.922168 -0.206400 0.000000 0.000000 0.000000 1.000000
0.970240 -0.056210 0.235532 0.000000 -0.019984 0.950778 0.309228 12.272400 -0.241321 -0.304732 0.921359 -0.206400 0.000000 0.000000 0.000000 1.000000
0.969517 -0.055934 0.238555 0.000000 -0.020563 0.951587 0.306690 12.272400 -0.244161 -0.302246 0.921430 -0.206400 0.000000 0.000000 0.000000 1.000000
0.969201 -0.056501 0.239701 0.000000 -0.019663 0.952463 0.304018 12.272400 -0.245483 -0.299368 0.922018 -0.206400 0.000000 0.000000 0.000000 1.000000
0.968932 -0.057846 0.240467 0.000000 -0.018222 0.952925 0.302657 12.272400 -0.246655 -0.297636 0.922266 -0.206400 0.000000 0.000000 0.000000 1.000000
0.968393 -0.059304 0.242275 0.000000 -0.017504 0.952771 0.303185 12.272400 -0.248813 -0.297843 0.921619 -0.206400 0.000000 0.000000 0.000000 1.000000
0.967646 -0.060585 0.244929 0.000000 -0.017499 0.952291 0.304690 12.272400 -0.251703 -0.299118 0.920421 -0.206400 0.000000 0.000000 0.000000 1.000000
0.966807 -0.061417 0.248017 0.000000 -0.017953 0.951952 0.305720 12.272400 -0.254877 -0.300025 0.919251 -0.206400 0.000000 0.000000 0.000000 1.000000
